/*--------------------------------*- C++ -*----------------------------------*\
| =========                 |                                                 |
| \\      /  F ield         | OpenFOAM: The Open Source CFD Toolbox           |
|  \\    /   O peration     | Version:  2406                                  |
|   \\  /    A nd           | Website:  www.openfoam.com                      |
|    \\/     M anipulation  |                                                 |
\*---------------------------------------------------------------------------*/
FoamFile
{
    version     2.0;
    format      ascii;
    arch        "LSB;label=32;scalar=64";
    class       volVectorField;
    location    "7.15";
    object      flux;
}
// * * * * * * * * * * * * * * * * * * * * * * * * * * * * * * * * * * * * * //

dimensions      [0 1 -1 1 0 0 0];

internalField   nonuniform List<vector> 
100
(
(-4.29497e+11 -3.86547e+11 0)
(-7.73094e+11 4.29497e+10 0)
(0 2.57698e+11 0)
(3.86547e+11 3.43597e+11 0)
(-6.44245e+11 4.29497e+10 0)
(-5.15396e+11 -4.29497e+10 0)
(2.14748e+11 0 0)
(1.28849e+11 8.58993e+10 0)
(3.00648e+11 0 0)
(3.43597e+11 -4.29497e+10 0)
(0 -6.87195e+11 0)
(-1.71799e+11 -4.29497e+10 0)
(3.86547e+11 7.30144e+11 0)
(1.28849e+11 6.44245e+11 0)
(-1.03079e+12 4.29497e+10 0)
(-5.58346e+11 2.14748e+11 0)
(3.86547e+11 2.57698e+11 0)
(8.58993e+10 2.14748e+11 0)
(1.71799e+11 3.86547e+11 0)
(3.00648e+11 -1.28849e+11 0)
(2.57698e+11 -8.58993e+10 0)
(6.01295e+11 1.71799e+11 0)
(7.30144e+11 4.29497e+11 0)
(-2.14748e+11 3.43597e+11 0)
(-1.15964e+12 2.14748e+11 0)
(-3.43597e+11 6.01295e+11 0)
(2.57698e+11 3.43597e+11 0)
(2.57698e+11 -4.29497e+10 0)
(0 3.43597e+11 0)
(-1.28849e+11 1.71799e+11 0)
(2.14748e+11 5.15396e+11 0)
(3.43597e+11 2.57698e+11 0)
(4.72446e+11 -1.71799e+11 0)
(-8.58993e+10 -2.14748e+11 0)
(-7.30144e+11 -2.14748e+11 0)
(-4.72446e+11 1.28849e+11 0)
(-3.00648e+11 -1.71799e+11 0)
(1.28849e+11 -2.14748e+11 0)
(3.43597e+11 0 0)
(1.28849e+11 -2.14748e+11 0)
(8.58993e+10 4.29497e+10 0)
(0 -4.29497e+10 0)
(2.57698e+11 -3.00648e+11 0)
(-3.86547e+11 -4.29497e+11 0)
(-7.73094e+11 -5.58346e+11 0)
(-2.57698e+11 -1.71799e+11 0)
(0 -3.00648e+11 0)
(3.86547e+11 0 0)
(-1.28849e+11 -4.29497e+10 0)
(-3.43597e+11 -5.15396e+11 0)
(1.28849e+11 2.14748e+11 0)
(-1.28849e+11 1.71799e+11 0)
(1.28849e+11 8.58993e+10 0)
(-2.14748e+11 -1.28849e+11 0)
(-5.15396e+11 4.72446e+11 0)
(-3.43597e+11 4.29497e+11 0)
(-1.28849e+11 2.57698e+11 0)
(4.72446e+11 4.29497e+10 0)
(-4.29497e+10 -1.28849e+11 0)
(-3.86547e+11 -1.71799e+11 0)
(-8.58993e+10 7.30144e+11 0)
(-8.58993e+10 7.73094e+11 0)
(0 9.01943e+11 0)
(-8.58993e+10 3.86547e+11 0)
(-2.14748e+11 6.87195e+11 0)
(-3.86547e+11 6.44245e+11 0)
(-3.00648e+11 6.44245e+11 0)
(-1.28849e+11 4.29497e+11 0)
(-2.57698e+11 4.29497e+10 0)
(-3.86547e+11 -1.28849e+11 0)
(1.71799e+11 6.01295e+11 0)
(1.28849e+11 9.01943e+11 0)
(-3.43597e+11 9.87842e+11 0)
(-3.43597e+11 7.30144e+11 0)
(-2.14748e+11 6.87195e+11 0)
(-4.29497e+11 5.15396e+11 0)
(-3.86547e+11 4.72446e+11 0)
(-8.58993e+10 3.43597e+11 0)
(-7.30144e+11 -1.71799e+11 0)
(-6.01295e+11 -3.86547e+11 0)
(3.00648e+11 5.58346e+11 0)
(2.57698e+11 3.43597e+11 0)
(-2.57698e+11 2.14748e+11 0)
(-4.29497e+11 4.72446e+11 0)
(-4.29497e+11 2.14748e+11 0)
(-5.58346e+11 -1.28849e+11 0)
(-4.72446e+11 2.14748e+11 0)
(-7.30144e+11 -2.57698e+11 0)
(-9.87842e+11 -8.16044e+11 0)
(-5.58346e+11 -3.86547e+11 0)
(0 2.57698e+11 0)
(-2.14748e+11 0 0)
(-1.28849e+11 -1.71799e+11 0)
(-3.43597e+11 1.71799e+11 0)
(-7.30144e+11 -4.29497e+10 0)
(-5.58346e+11 -2.14748e+11 0)
(-5.15396e+11 -8.58993e+10 0)
(-1.15964e+12 -2.14748e+11 0)
(-8.58993e+11 -4.29497e+11 0)
(-2.14748e+11 -1.71799e+11 0)
)
;

boundaryField
{
    left
    {
        type            calculated;
        value           nonuniform List<vector> 10((0 -3.86547e+11 0) (0 -6.87195e+11 0) (0 -8.58993e+10 0) (0 5.15396e+11 0) (0 4.29497e+10 0) (0 2.14748e+11 0) (0 7.30144e+11 0) (0 6.01295e+11 0) (0 5.58346e+11 0) (0 2.57698e+11 0));
    }
    right
    {
        type            calculated;
        value           nonuniform List<vector> 10((0 -4.29497e+10 0) (0 -1.28849e+11 0) (0 1.71799e+11 0) (0 -2.14748e+11 0) (0 -5.15396e+11 0) (0 -1.71799e+11 0) (0 -1.28849e+11 0) (0 -3.86547e+11 0) (0 -3.86547e+11 0) (0 -1.71799e+11 0));
    }
    top
    {
        type            calculated;
        value           nonuniform List<vector> 10((0 0 0) (-2.14748e+11 0 0) (-1.28849e+11 0 0) (-3.43597e+11 0 0) (-7.30144e+11 0 0) (-5.58346e+11 0 0) (-5.15396e+11 0 0) (-1.15964e+12 0 0) (-8.58993e+11 0 0) (-2.14748e+11 0 0));
    }
    bottom
    {
        type            calculated;
        value           nonuniform List<vector> 10((-4.29497e+11 0 0) (-7.73094e+11 0 0) (0 0 0) (3.86547e+11 0 0) (-6.44245e+11 0 0) (-5.15396e+11 0 0) (2.14748e+11 0 0) (1.28849e+11 0 0) (3.00648e+11 0 0) (3.43597e+11 0 0));
    }
    defaultFaces
    {
        type            empty;
    }
}


// ************************************************************************* //
