/*--------------------------------*- C++ -*----------------------------------*\
| =========                 |                                                 |
| \\      /  F ield         | OpenFOAM: The Open Source CFD Toolbox           |
|  \\    /   O peration     | Version:  2406                                  |
|   \\  /    A nd           | Website:  www.openfoam.com                      |
|    \\/     M anipulation  |                                                 |
\*---------------------------------------------------------------------------*/
FoamFile
{
    version     2.0;
    format      ascii;
    arch        "LSB;label=32;scalar=64";
    class       volVectorField;
    location    "8.75";
    object      flux;
}
// * * * * * * * * * * * * * * * * * * * * * * * * * * * * * * * * * * * * * //

dimensions      [0 1 -1 1 0 0 0];

internalField   nonuniform List<vector> 
100
(
(-5.04403e+18 -5.04403e+18 0)
(-1.00881e+19 -2.16173e+18 0)
(-2.8823e+18 1.44115e+18 0)
(7.20576e+17 5.04403e+18 0)
(-9.36749e+18 7.20576e+17 0)
(-7.92634e+18 -1.44115e+18 0)
(7.20576e+17 7.20576e+17 0)
(0 7.20576e+17 0)
(2.16173e+18 7.20576e+17 0)
(2.8823e+18 7.20576e+17 0)
(-2.16173e+18 -1.15292e+19 0)
(-3.60288e+18 -4.32346e+18 0)
(4.32346e+18 7.92634e+18 0)
(0 8.64691e+18 0)
(-1.51321e+19 2.16173e+18 0)
(-7.20576e+18 2.16173e+18 0)
(2.16173e+18 4.32346e+18 0)
(0 2.8823e+18 0)
(1.44115e+18 5.04403e+18 0)
(2.8823e+18 2.8823e+18 0)
(2.16173e+18 -1.44115e+18 0)
(8.64691e+18 1.44115e+18 0)
(9.36749e+18 6.48518e+18 0)
(-4.32346e+18 2.8823e+18 0)
(-1.65732e+19 4.32346e+18 0)
(-6.48518e+18 7.20576e+18 0)
(2.16173e+18 4.32346e+18 0)
(2.16173e+18 2.8823e+18 0)
(7.20576e+17 6.48518e+18 0)
(0 4.32346e+18 0)
(1.44115e+18 4.32346e+18 0)
(2.8823e+18 3.60288e+18 0)
(6.48518e+18 -4.32346e+18 0)
(-2.16173e+18 -4.32346e+18 0)
(-1.08086e+19 -4.32346e+18 0)
(-7.20576e+18 2.16173e+18 0)
(-2.8823e+18 -7.20576e+17 0)
(1.44115e+18 -1.44115e+18 0)
(5.04403e+18 1.44115e+18 0)
(1.44115e+18 -2.16173e+18 0)
(1.44115e+18 -1.44115e+18 0)
(0 -1.44115e+18 0)
(2.16173e+18 -7.20576e+18 0)
(-4.32346e+18 -6.48518e+18 0)
(-9.36749e+18 -5.76461e+18 0)
(-4.32346e+18 -2.8823e+18 0)
(0 -3.60288e+18 0)
(4.32346e+18 -7.20576e+17 0)
(0 7.20576e+17 0)
(-4.32346e+18 -4.32346e+18 0)
(1.44115e+18 1.44115e+18 0)
(-2.16173e+18 2.8823e+18 0)
(7.20576e+17 1.44115e+18 0)
(-7.20576e+17 1.44115e+18 0)
(-7.20576e+18 4.32346e+18 0)
(-4.32346e+18 5.76461e+18 0)
(-1.44115e+18 2.8823e+18 0)
(6.48518e+18 1.44115e+18 0)
(7.20576e+17 -2.16173e+18 0)
(-3.60288e+18 -1.44115e+18 0)
(2.16173e+18 1.15292e+19 0)
(0 1.22498e+19 0)
(7.20576e+17 1.36909e+19 0)
(-1.44115e+18 7.20576e+18 0)
(-5.76461e+18 9.36749e+18 0)
(-4.32346e+18 1.00881e+19 0)
(-4.32346e+18 8.64691e+18 0)
(-7.20576e+17 6.48518e+18 0)
(-4.32346e+18 7.20576e+17 0)
(-3.60288e+18 -5.04403e+18 0)
(2.8823e+18 9.36749e+18 0)
(7.20576e+17 1.22498e+19 0)
(-4.32346e+18 1.51321e+19 0)
(-5.04403e+18 8.64691e+18 0)
(-4.32346e+18 8.64691e+18 0)
(-5.76461e+18 7.20576e+18 0)
(-5.04403e+18 7.20576e+18 0)
(-2.16173e+18 5.04403e+18 0)
(-1.08086e+19 -2.8823e+18 0)
(-7.20576e+18 -7.92634e+18 0)
(5.04403e+18 7.20576e+18 0)
(5.04403e+18 4.32346e+18 0)
(-3.60288e+18 4.32346e+18 0)
(-8.64691e+18 5.76461e+18 0)
(-6.48518e+18 4.32346e+18 0)
(-5.76461e+18 7.20576e+17 0)
(-6.48518e+18 4.32346e+18 0)
(-1.00881e+19 -3.60288e+18 0)
(-1.65732e+19 -1.08086e+19 0)
(-1.00881e+19 -7.92634e+18 0)
(-7.20576e+17 5.04403e+18 0)
(-2.16173e+18 -1.44115e+18 0)
(-1.44115e+18 -2.16173e+18 0)
(-5.04403e+18 1.44115e+18 0)
(-1.00881e+19 0 0)
(-5.76461e+18 -2.16173e+18 0)
(-8.64691e+18 0 0)
(-1.72938e+19 -3.60288e+18 0)
(-1.44115e+19 -6.48518e+18 0)
(-5.04403e+18 -1.44115e+18 0)
)
;

boundaryField
{
    left
    {
        type            calculated;
        value           nonuniform List<vector> 10((0 -5.04403e+18 0) (0 -1.15292e+19 0) (0 -1.44115e+18 0) (0 4.32346e+18 0) (0 -1.44115e+18 0) (0 1.44115e+18 0) (0 1.15292e+19 0) (0 9.36749e+18 0) (0 7.20576e+18 0) (0 5.04403e+18 0));
    }
    right
    {
        type            calculated;
        value           nonuniform List<vector> 10((0 7.20576e+17 0) (0 2.8823e+18 0) (0 4.32346e+18 0) (0 -2.16173e+18 0) (0 -4.32346e+18 0) (0 -1.44115e+18 0) (0 -5.04403e+18 0) (0 -7.92634e+18 0) (0 -7.92634e+18 0) (0 -1.44115e+18 0));
    }
    top
    {
        type            calculated;
        value           nonuniform List<vector> 10((-7.20576e+17 0 0) (-2.16173e+18 0 0) (-1.44115e+18 0 0) (-5.04403e+18 0 0) (-1.00881e+19 0 0) (-5.76461e+18 0 0) (-8.64691e+18 0 0) (-1.72938e+19 0 0) (-1.44115e+19 0 0) (-5.04403e+18 0 0));
    }
    bottom
    {
        type            calculated;
        value           nonuniform List<vector> 10((-5.04403e+18 0 0) (-1.00881e+19 0 0) (-2.8823e+18 0 0) (7.20576e+17 0 0) (-9.36749e+18 0 0) (-7.92634e+18 0 0) (7.20576e+17 0 0) (0 0 0) (2.16173e+18 0 0) (2.8823e+18 0 0));
    }
    defaultFaces
    {
        type            empty;
    }
}


// ************************************************************************* //
