/*--------------------------------*- C++ -*----------------------------------*\
| =========                 |                                                 |
| \\      /  F ield         | OpenFOAM: The Open Source CFD Toolbox           |
|  \\    /   O peration     | Version:  2406                                  |
|   \\  /    A nd           | Website:  www.openfoam.com                      |
|    \\/     M anipulation  |                                                 |
\*---------------------------------------------------------------------------*/
FoamFile
{
    version     2.0;
    format      ascii;
    arch        "LSB;label=32;scalar=64";
    class       volVectorField;
    location    "4.1";
    object      flux;
}
// * * * * * * * * * * * * * * * * * * * * * * * * * * * * * * * * * * * * * //

dimensions      [0 1 -1 1 0 0 0];

internalField   nonuniform List<vector> 
100
(
(-0.00976562 -0.00854492 0)
(-0.0195312 -0.00366211 0)
(-0.0012207 0.00244141 0)
(0.00366211 0.00610352 0)
(-0.020752 0.00244141 0)
(-0.0134277 -0.00244141 0)
(0.00244141 0.0012207 0)
(0.0012207 0.00244141 0)
(0.00488281 0.0012207 0)
(0.00610352 0 0)
(-0.00610352 -0.0219727 0)
(-0.00976562 -0.00732422 0)
(0.00976563 0.0158691 0)
(0.00244141 0.0109863 0)
(-0.0268555 0 0)
(-0.0146484 0.00366211 0)
(0.00732422 0.00610352 0)
(0.0012207 0.00488281 0)
(0.00244141 0.00976563 0)
(0.00366211 0.00488281 0)
(0.00610352 -0.00732422 0)
(0.0170898 0.00488281 0)
(0.0158691 0.00854492 0)
(-0.0109863 0.00488281 0)
(-0.0292969 0.00488281 0)
(-0.00854492 0.0109863 0)
(0.00488281 0.00610352 0)
(0.00488281 -0.0012207 0)
(0.00244141 0.00732422 0)
(0.00244141 0.00854492 0)
(0.00610352 0.0109863 0)
(0.00854492 0.00610352 0)
(0.00854492 -0.00732422 0)
(-0.00244141 -0.00854492 0)
(-0.0170898 -0.00488281 0)
(-0.0158691 0.00488281 0)
(-0.00610352 -0.00488281 0)
(0.00366211 -0.00366211 0)
(0.0134277 0 0)
(0.00610352 -0.00488281 0)
(0.0012207 -0.00244141 0)
(-0.0012207 -0.00610352 0)
(0.00366211 -0.012207 0)
(-0.00732422 -0.012207 0)
(-0.0183105 -0.0158691 0)
(-0.00976563 -0.00732422 0)
(0 -0.00488281 0)
(0.00732422 0 0)
(0.00244141 0 0)
(-0.00488281 -0.0158691 0)
(0.00244141 0.00366211 0)
(-0.00244141 0.00488281 0)
(-0.00244141 0 0)
(-0.00488281 -0.00610352 0)
(-0.0109863 0.00854492 0)
(-0.00366211 0.0109863 0)
(-0.00244141 0.00854492 0)
(0.0109863 0.00366211 0)
(-0.00244141 -0.0012207 0)
(-0.00976563 -0.00732422 0)
(0.00366211 0.0183105 0)
(-0.00488281 0.0195312 0)
(-0.00488281 0.020752 0)
(0 0.0109863 0)
(-0.00488281 0.0158691 0)
(-0.00610352 0.0134277 0)
(-0.00610352 0.0134277 0)
(-0.0012207 0.00976562 0)
(-0.00976563 0.0012207 0)
(-0.0109863 -0.00732422 0)
(0.0012207 0.0195312 0)
(-0.0012207 0.0195312 0)
(-0.00976562 0.0268555 0)
(-0.0109863 0.0158691 0)
(-0.00732422 0.00976562 0)
(-0.00610352 0.0109863 0)
(-0.00488281 0.00854492 0)
(-0.00244141 0.00854492 0)
(-0.020752 -0.00732422 0)
(-0.0158691 -0.0134277 0)
(0.00610352 0.012207 0)
(0.00366211 0.00976562 0)
(-0.00854492 0.00854492 0)
(-0.0158691 0.0134277 0)
(-0.0109863 0.00732422 0)
(-0.00976563 -0.00244141 0)
(-0.00854492 0.0012207 0)
(-0.0158691 -0.00610352 0)
(-0.0317383 -0.0219727 0)
(-0.0183105 -0.012207 0)
(-0.0012207 0.00732422 0)
(-0.00610352 0 0)
(-0.00488281 -0.00366211 0)
(-0.0109863 0.00732422 0)
(-0.0219727 0.0012207 0)
(-0.0109863 -0.00366211 0)
(-0.0109863 -0.0012207 0)
(-0.0280762 -0.00732422 0)
(-0.0244141 -0.012207 0)
(-0.00854492 -0.00244141 0)
)
;

boundaryField
{
    left
    {
        type            calculated;
        value           nonuniform List<vector> 10((0 -0.00854492 0) (0 -0.0219727 0) (0 -0.00732422 0) (0 0.0109863 0) (0 -0.00244141 0) (0 0.00366211 0) (0 0.0183105 0) (0 0.0195312 0) (0 0.012207 0) (0 0.00732422 0));
    }
    right
    {
        type            calculated;
        value           nonuniform List<vector> 10((0 0 0) (0 0.00488281 0) (0 0.00854492 0) (0 -0.00488281 0) (0 -0.0158691 0) (0 -0.00732422 0) (0 -0.00732422 0) (0 -0.0134277 0) (0 -0.012207 0) (0 -0.00244141 0));
    }
    top
    {
        type            calculated;
        value           nonuniform List<vector> 10((-0.0012207 0 0) (-0.00610352 0 0) (-0.00488281 0 0) (-0.0109863 0 0) (-0.0219727 0 0) (-0.0109863 0 0) (-0.0109863 0 0) (-0.0280762 0 0) (-0.0244141 0 0) (-0.00854492 0 0));
    }
    bottom
    {
        type            calculated;
        value           nonuniform List<vector> 10((-0.00976562 0 0) (-0.0195312 0 0) (-0.0012207 0 0) (0.00366211 0 0) (-0.020752 0 0) (-0.0134277 0 0) (0.00244141 0 0) (0.0012207 0 0) (0.00488281 0 0) (0.00610352 0 0));
    }
    defaultFaces
    {
        type            empty;
    }
}


// ************************************************************************* //
