/*--------------------------------*- C++ -*----------------------------------*\
| =========                 |                                                 |
| \\      /  F ield         | OpenFOAM: The Open Source CFD Toolbox           |
|  \\    /   O peration     | Version:  v2012                                 |
|   \\  /    A nd           | Website:  www.openfoam.com                      |
|    \\/     M anipulation  |                                                 |
\*---------------------------------------------------------------------------*/
FoamFile
{
    version     2.0;
    format      ascii;
    class       volScalarField;
    location    "0.3";
    object      gradTy;
}
// * * * * * * * * * * * * * * * * * * * * * * * * * * * * * * * * * * * * * //

dimensions      [0 -1 0 1 0 0 0];


internalField   nonuniform List<scalar> 
5000
(
0
1.60301e-12
6.09145e-11
3.84723e-11
5.61054e-11
-2.56482e-11
2.40452e-11
-1.60301e-12
6.09145e-11
3.20602e-12
1.28241e-11
1.28241e-11
6.41205e-11
3.20602e-12
5.28994e-11
-3.20602e-12
3.20602e-12
4.16783e-11
4.80904e-12
4.80904e-12
-1.12211e-11
3.20602e-12
-3.20602e-12
3.84723e-11
4.80904e-12
3.20602e-12
3.20602e-12
3.36632e-11
8.01506e-12
3.20602e-12
3.36632e-11
-3.20602e-12
3.20602e-12
3.20602e-12
1.92361e-11
2.88542e-11
-6.41205e-12
2.88542e-11
-6.41205e-12
4.48843e-11
8.01506e-12
-6.41205e-12
3.20602e-12
3.52663e-11
3.20602e-12
3.20602e-12
5.28994e-11
3.20602e-12
3.20602e-12
3.20602e-12
3.20602e-12
3.20602e-12
3.20602e-12
3.20602e-12
9.61807e-12
3.20602e-12
3.20602e-12
-8.01506e-12
0
0
9.61807e-12
2.40452e-11
0
-3.20602e-11
0
3.20602e-12
9.61807e-12
3.20602e-12
-4.00753e-11
0
-3.20602e-11
-3.20602e-11
5.28994e-11
-6.41205e-12
0
6.41205e-12
3.20602e-12
-8.01506e-12
-4.80904e-12
-2.40452e-11
6.25175e-11
3.20602e-12
1.60301e-12
-8.01506e-12
1.44271e-11
5.61054e-11
1.44271e-11
-2.40452e-11
5.28994e-11
0
0
3.20602e-12
9.61807e-12
1.60301e-11
5.28994e-11
5.93114e-11
0
3.20602e-12
-8.01506e-12
-4.80904e-12
1.62585e-12
0
-1.62585e-12
0
-6.5034e-12
-4.22721e-11
0
-8.12924e-12
-1.62585e-12
0
-3.2517e-12
-3.2517e-12
0
1.62585e-12
-8.12924e-12
-4.87755e-12
0
0
0
0
-1.13809e-11
0
-6.5034e-12
-1.62585e-12
0
1.62585e-12
0
-1.62585e-12
-4.38979e-11
0
-1.62585e-12
-3.2517e-12
0
0
-4.06462e-11
-6.5034e-12
-8.12924e-12
-6.5034e-12
-8.12924e-12
-6.5034e-12
-4.38979e-11
-8.12924e-12
0
0
0
0
-8.12924e-12
0
0
0
0
0
0
0
0
0
0
-9.75509e-12
0
0
0
0
0
-3.2517e-11
0
0
0
8.12924e-12
-8.12924e-12
0
-3.2517e-11
-3.2517e-11
-8.12924e-12
-8.12924e-12
-1.62585e-12
-1.62585e-12
0
-9.75509e-12
1.95102e-11
8.12924e-12
0
0
1.62585e-12
8.12924e-12
0
-3.2517e-12
-8.12924e-12
-3.08911e-11
-8.12924e-12
0
0
0
0
-1.62585e-12
-8.12924e-12
-6.5034e-12
0
0
-9.75509e-12
-8.12924e-12
-1.64901e-12
0
-6.59605e-11
-3.79273e-11
-6.43114e-11
-1.48411e-11
-2.14371e-11
-4.94703e-12
-6.59605e-11
1.64901e-12
-1.48411e-11
0
-6.59605e-11
-1.64901e-12
-6.10134e-11
0
0
-3.29802e-11
-1.64901e-12
-4.94703e-12
-4.94703e-12
0
-3.29802e-12
-3.95763e-11
-1.64901e-12
0
0
-3.29802e-11
-4.61723e-11
0
-3.29802e-11
0
0
0
-5.77154e-11
-3.29802e-11
0
-2.96822e-11
0
-4.61723e-11
-4.61723e-11
0
0
-2.96822e-11
-3.29802e-12
0
-6.43114e-11
-6.59605e-12
0
6.59605e-12
0
0
1.64901e-12
0
-4.94703e-12
0
3.29802e-12
3.29802e-12
4.94703e-12
3.29802e-12
-4.94703e-12
-2.14371e-11
3.29802e-12
3.29802e-12
4.94703e-12
0
-4.94703e-12
0
-3.29802e-12
3.29802e-12
4.94703e-12
3.29802e-12
-6.10134e-11
1.64901e-12
0
-6.59605e-12
0
3.29802e-12
3.29802e-12
-6.59605e-12
-6.10134e-11
0
0
1.64901e-12
-2.14371e-11
-5.93644e-11
-2.14371e-11
-4.94703e-12
-6.10134e-11
4.94703e-12
3.29802e-12
0
-9.89407e-12
-1.48411e-11
-6.10134e-11
-6.43114e-11
0
-3.29802e-12
3.29802e-12
0
-5.01751e-12
5.51926e-11
2.34151e-11
5.51926e-11
5.51926e-11
4.34851e-11
6.35551e-11
8.36252e-12
8.36252e-12
6.35551e-11
8.36252e-12
0
1.0035e-11
6.69002e-12
4.18126e-11
5.01751e-12
2.34151e-11
4.18126e-11
2.34151e-11
0
0
6.69002e-12
0
1.6725e-12
0
-1.6725e-12
0
0
3.34501e-11
1.6725e-12
3.34501e-12
0
0
1.6725e-12
0
0
0
0
1.6725e-12
0
1.6725e-12
1.6725e-12
6.35551e-11
0
0
0
0
0
1.17075e-11
4.18126e-11
8.36252e-12
0
0
8.36252e-12
8.36252e-12
8.36252e-12
8.36252e-12
0
0
1.6725e-12
0
0
0
0
2.17426e-11
3.34501e-11
2.17426e-11
-6.69002e-12
-2.34151e-11
0
0
0
0
0
0
1.6725e-12
0
-6.69002e-12
-2.34151e-11
-4.01401e-11
0
8.36252e-12
0
-1.50525e-11
-8.36252e-12
-5.01751e-12
-5.01751e-12
-5.01751e-12
0
6.69002e-12
1.6725e-12
0
0
3.34501e-12
0
0
0
0
-3.34501e-12
0
-1.69633e-12
-3.39266e-12
0
-3.39266e-12
0
-6.78532e-12
-1.69633e-12
-1.69633e-12
-1.5267e-11
-3.39266e-12
0
-1.35706e-11
-6.78532e-12
-1.5267e-11
-3.39266e-12
-3.39266e-12
-1.69633e-12
-1.5267e-11
-1.69633e-12
-1.35706e-11
-5.08899e-12
-3.39266e-12
0
-1.69633e-12
-3.39266e-12
-1.69633e-11
-3.39266e-12
-1.35706e-11
-3.39266e-12
-1.69633e-12
-1.5267e-11
-3.39266e-12
-1.69633e-11
-1.69633e-11
-6.78532e-12
-1.35706e-11
-3.39266e-12
-1.69633e-11
-1.69633e-12
-1.69633e-11
-1.69633e-12
-1.69633e-12
-1.69633e-11
-3.39266e-12
0
-1.69633e-11
0
-1.0178e-11
-1.69633e-11
-2.37486e-11
-1.69633e-11
-1.69633e-11
-1.86596e-11
-1.69633e-12
-1.86596e-11
-1.69633e-11
-8.48166e-12
-1.69633e-11
-1.86596e-11
-1.69633e-12
-1.86596e-11
-1.69633e-11
-5.08899e-12
-5.08899e-12
-6.78532e-12
-3.39266e-12
-2.0356e-11
-1.69633e-12
-1.69633e-12
-1.69633e-11
-5.08899e-12
-5.08899e-12
-3.39266e-12
-5.08899e-12
-3.39266e-12
-1.69633e-11
-3.39266e-12
-1.69633e-12
-6.78532e-12
-3.39266e-12
-3.39266e-12
-3.39266e-12
-1.35706e-11
-5.08899e-12
-1.69633e-11
-1.86596e-11
-1.69633e-12
-1.86596e-11
-1.69633e-11
-5.08899e-12
-1.69633e-11
-3.39266e-12
-4.91936e-11
-3.39266e-12
-3.39266e-12
0
-1.69633e-12
0
-1.69633e-12
-5.08899e-12
0
-5.84969e-11
-2.23665e-11
-6.02174e-11
-6.02174e-11
-3.95714e-11
-6.70994e-11
-8.60249e-12
-3.441e-12
-6.19379e-11
-8.60249e-12
3.441e-12
-6.88199e-12
-1.54845e-11
-4.47329e-11
-6.88199e-12
-2.58075e-11
-3.95714e-11
-2.58075e-11
1.7205e-12
-1.7205e-12
-3.441e-12
3.441e-12
-3.441e-12
-3.441e-12
1.7205e-12
0
1.7205e-12
-3.441e-11
-3.441e-12
0
0
1.7205e-12
-5.16149e-12
0
-3.441e-12
-5.16149e-11
1.7205e-12
-3.441e-12
1.7205e-12
-3.441e-12
-8.60249e-12
-8.08634e-11
0
0
1.7205e-12
3.441e-12
-1.54845e-11
-1.0323e-11
-4.12919e-11
-1.20435e-11
-5.16149e-11
1.7205e-12
-1.0323e-11
-2.4087e-11
-6.02174e-11
-8.60249e-12
1.7205e-12
0
-1.7205e-11
3.441e-12
1.7205e-12
0
-5.33354e-11
-2.23665e-11
-3.441e-11
-1.89255e-11
-3.441e-12
-8.60249e-12
-5.16149e-11
0
0
0
-5.16149e-11
-1.7205e-12
0
0
5.16149e-12
-5.33354e-11
-1.7205e-12
0
-2.4087e-11
1.7205e-12
0
1.7205e-12
-4.64534e-11
0
6.88199e-12
1.7205e-12
-6.88199e-12
0
-1.7205e-12
5.16149e-12
0
0
0
0
-5.16149e-11
1.7205e-12
-1.7205e-12
1.74501e-12
-1.74501e-12
0
0
0
6.98003e-12
-5.23503e-12
0
1.22151e-11
0
-1.74501e-12
0
6.98003e-12
6.98003e-12
5.23503e-12
-5.23503e-12
-5.23503e-12
5.23503e-12
0
1.04701e-11
1.74501e-12
0
-6.98003e-12
0
-1.74501e-12
1.22151e-11
0
1.22151e-11
0
0
1.22151e-11
0
1.22151e-11
1.39601e-11
0
6.98003e-12
1.74501e-12
1.22151e-11
0
6.98003e-12
0
-3.49002e-12
1.57051e-11
0
0
1.22151e-11
0
1.57051e-11
1.22151e-11
1.22151e-11
6.98003e-12
1.57051e-11
6.98003e-12
-5.23503e-12
1.57051e-11
1.57051e-11
1.74501e-12
1.22151e-11
1.22151e-11
-5.23503e-12
1.39601e-11
1.22151e-11
1.74501e-12
5.23503e-12
-3.49002e-12
0
1.22151e-11
-5.23503e-12
-1.74501e-12
-5.40953e-11
0
-1.74501e-12
-5.23503e-12
1.74501e-12
0
1.22151e-11
-1.74501e-11
-3.49002e-12
3.49002e-12
0
0
3.49002e-12
8.72504e-12
-1.74501e-11
1.04701e-11
1.04701e-11
-1.74501e-12
3.49002e-12
-5.40953e-11
-1.74501e-12
1.22151e-11
0
4.18802e-11
-2.26851e-11
0
-3.49002e-12
-1.74501e-12
-6.80553e-11
0
0
0
-7.25646e-11
-1.94686e-11
-3.36275e-11
-3.36275e-11
-4.77865e-11
-5.30961e-12
0
-4.42467e-11
-4.77865e-11
-7.07947e-11
-5.13262e-11
-3.53974e-12
-1.06192e-11
-7.07947e-11
0
-1.94686e-11
-4.95563e-11
0
-1.76987e-11
-4.42467e-11
-4.60166e-11
-2.12384e-11
-1.76987e-11
-1.41589e-11
-3.53974e-12
-3.53974e-12
-4.24768e-11
-3.53974e-12
-4.24768e-11
0
-3.53974e-12
-3.53974e-12
0
-6.7255e-11
1.76987e-12
4.77865e-11
-1.76987e-12
0
-3.53974e-12
-6.7255e-11
7.07947e-12
8.84934e-12
-4.24768e-11
0
-3.53974e-12
-7.25646e-11
1.06192e-11
0
-4.24768e-11
5.30961e-12
5.48659e-11
0
-4.42467e-11
1.41589e-11
4.60166e-11
-7.07947e-12
-3.53974e-12
0
-4.77865e-11
-5.30961e-12
0
0
5.13262e-11
0
-5.30961e-12
3.53974e-12
5.30961e-12
0
5.13262e-11
3.53974e-12
-5.30961e-12
-6.90249e-11
4.77865e-11
0
3.53974e-12
3.53974e-12
0
5.30961e-11
-4.0707e-11
0
5.30961e-12
0
3.53974e-12
-6.01755e-11
4.77865e-11
-6.37153e-11
0
0
0
0
0
-1.76987e-12
-1.76987e-12
3.53974e-12
7.07947e-12
0
5.48659e-11
0
1.76987e-12
0
5.38525e-12
1.79508e-12
1.79508e-12
1.79508e-12
0
7.18033e-12
0
0
0
5.38525e-12
3.59017e-12
0
1.07705e-11
0
8.97541e-12
2.33361e-11
1.79508e-12
0
5.38525e-12
3.59017e-12
0
1.25656e-11
1.79508e-12
5.38525e-12
0
0
0
0
0
0
0
0
0
0
7.18033e-12
0
0
0
7.18033e-12
0
1.79508e-12
0
5.38525e-12
0
0
1.79508e-12
0
0
0
5.38525e-12
0
5.38525e-12
7.18033e-12
0
0
0
0
0
7.18033e-12
0
5.38525e-12
0
5.38525e-12
5.38525e-12
0
0
1.25656e-11
3.59017e-12
6.82131e-11
0
7.18033e-12
8.97541e-12
0
0
0
1.43607e-11
3.59017e-12
3.59017e-12
7.00082e-11
0
0
3.59017e-12
1.43607e-11
1.79508e-12
5.38525e-12
1.79508e-12
8.97541e-12
6.82131e-11
1.79508e-12
0
1.79508e-12
5.38525e-12
2.51312e-11
0
1.07705e-11
3.59017e-12
7.35984e-11
1.07705e-11
3.59017e-12
-7.28263e-12
6.19023e-11
1.27446e-11
2.91305e-11
2.00272e-11
4.36958e-11
-1.82066e-11
-5.46197e-12
3.82338e-11
3.09512e-11
6.3723e-11
4.55164e-11
0
1.82066e-12
6.73643e-11
0
1.63859e-11
4.55164e-11
-1.27446e-11
1.82066e-12
4.00544e-11
3.09512e-11
1.82066e-12
1.63859e-11
1.45653e-11
-9.10328e-12
3.64131e-12
3.09512e-11
-9.10328e-12
2.18479e-11
-5.46197e-12
-9.10328e-12
3.64131e-12
-1.82066e-12
5.64403e-11
-3.64131e-12
3.64131e-12
-1.82066e-12
0
-3.64131e-12
6.3723e-11
-3.09512e-11
5.46197e-12
4.36958e-11
-2.18479e-11
-1.82066e-12
6.3723e-11
-2.73098e-11
-1.27446e-11
4.36958e-11
0
-1.63859e-11
-1.27446e-11
3.09512e-11
-1.27446e-11
-7.28263e-12
-1.82066e-12
3.64131e-12
-1.09239e-11
6.19023e-11
-1.82066e-12
-1.45653e-11
0
0
0
5.46197e-12
-3.64131e-12
-7.28263e-12
-9.10328e-12
3.64131e-12
-1.63859e-11
0
7.10056e-11
3.64131e-12
-3.64131e-12
-1.63859e-11
0
0
-1.63859e-11
3.82338e-11
0
7.28263e-12
0
-1.27446e-11
6.19023e-11
0
6.91849e-11
-3.64131e-12
-1.27446e-11
1.27446e-11
-3.64131e-12
3.64131e-12
1.27446e-11
-9.10328e-12
-3.64131e-12
-2.00272e-11
0
0
-5.46197e-12
-1.45653e-11
0
-9.23297e-12
-1.10796e-11
-9.23297e-12
-1.66193e-11
0
-5.53978e-11
-2.21591e-11
-1.66193e-11
-1.84659e-12
-4.61649e-11
-1.10796e-11
-5.53978e-12
-9.23297e-12
-1.84659e-11
-1.29262e-11
-2.95455e-11
-1.84659e-11
-1.84659e-12
0
-3.69319e-12
-4.61649e-11
-3.69319e-12
-1.84659e-12
0
-1.66193e-11
-1.47728e-11
0
-9.23297e-12
-9.23297e-12
0
-1.66193e-11
-5.53978e-12
0
-9.23297e-12
-2.40057e-11
-5.53978e-12
-5.53978e-12
-5.53978e-12
-5.53978e-12
-2.03125e-11
-1.47728e-11
-1.10796e-11
-5.53978e-12
-9.23297e-12
-1.66193e-11
-1.10796e-11
1.84659e-12
-1.66193e-11
-1.10796e-11
-1.47728e-11
-1.66193e-11
-1.84659e-12
-2.40057e-11
-1.66193e-11
-7.38638e-12
-9.23297e-12
-1.84659e-12
-3.87785e-11
-5.53978e-12
-5.72444e-11
-1.29262e-11
-2.21591e-11
-7.38638e-12
-3.69319e-11
-5.53978e-12
-5.53978e-12
-2.03125e-11
-9.23297e-12
-9.23297e-12
-7.38638e-12
-1.84659e-11
-3.69319e-12
0
0
-2.40057e-11
-5.53978e-12
-5.53978e-12
-2.40057e-11
-7.75569e-11
0
-1.84659e-12
-5.53978e-12
-2.40057e-11
-1.84659e-12
-3.87785e-11
-5.53978e-12
-1.66193e-11
-1.84659e-12
-3.87785e-11
-7.38638e-12
-5.9091e-11
-7.38638e-12
-5.35512e-11
-1.47728e-11
-1.47728e-11
-4.61649e-11
-1.47728e-11
-1.66193e-11
-7.38638e-12
7.49161e-12
7.49161e-12
5.6187e-12
1.8729e-12
1.31103e-11
-1.8729e-12
1.68561e-11
3.7458e-12
7.49161e-12
1.12374e-11
3.7458e-12
-5.6187e-12
-3.7458e-12
1.31103e-11
1.8729e-12
-1.8729e-12
1.8729e-12
0
3.7458e-12
1.31103e-11
3.7458e-12
1.31103e-11
1.31103e-11
-1.8729e-12
-9.36451e-12
1.68561e-11
-2.24748e-11
3.7458e-12
9.36451e-12
1.31103e-11
-3.7458e-12
1.68561e-11
-7.49161e-12
-1.49832e-11
0
-1.49832e-11
-3.7458e-12
5.6187e-12
0
7.49161e-12
-3.7458e-12
9.36451e-12
1.8729e-12
-9.36451e-12
2.24748e-11
9.36451e-12
-1.12374e-11
2.80935e-11
1.68561e-11
-2.06019e-11
-7.49161e-12
1.49832e-11
3.7458e-12
1.49832e-11
1.49832e-11
1.49832e-11
1.8729e-12
-9.36451e-12
1.68561e-11
-3.7458e-12
-1.8729e-12
7.49161e-12
0
0
1.8729e-12
-3.7458e-12
0
-7.49161e-12
1.8729e-12
-1.8729e-12
1.49832e-11
-1.8729e-12
-1.8729e-12
-1.8729e-12
1.8729e-12
7.49161e-12
0
0
7.49161e-12
1.8729e-12
-1.8729e-12
-7.49161e-12
-3.7458e-12
1.12374e-11
-1.8729e-12
7.49161e-12
0
1.8729e-12
1.31103e-11
-1.8729e-11
-3.7458e-12
-3.7458e-12
-1.49832e-11
-7.49161e-12
-7.49161e-12
1.49832e-11
-7.49161e-12
-1.8729e-12
1.8729e-12
9.36451e-12
0
-1.70963e-11
-1.70963e-11
-6.64854e-11
-6.07867e-11
-7.78829e-11
-2.08954e-11
-5.31883e-11
-6.07867e-11
-7.21842e-11
-2.84938e-11
-7.02846e-11
-6.64854e-11
-4.74896e-11
-3.79917e-11
-4.93892e-11
-3.41925e-11
-6.45858e-11
-7.02846e-11
-5.69875e-11
-5.50879e-11
-1.32971e-11
-5.50879e-11
-5.69875e-11
-5.50879e-11
-7.02846e-11
-5.50879e-11
-7.21842e-11
-7.40838e-11
-4.559e-11
0
-4.36904e-11
-7.78829e-11
-5.88871e-11
-6.45858e-11
-4.74896e-11
0
-5.31883e-11
-5.88871e-11
-6.8385e-11
-6.45858e-11
-4.17908e-11
-1.32971e-11
-8.35817e-11
-7.40838e-11
-7.02846e-11
-7.59833e-12
-5.88871e-11
-9.49792e-12
3.79917e-12
-5.12888e-11
-4.559e-11
1.89958e-12
-4.17908e-11
-5.88871e-11
-6.64854e-11
5.69875e-12
-6.26863e-11
-3.60921e-11
-6.45858e-11
5.12888e-11
-5.69875e-12
1.70963e-11
-7.02846e-11
-3.60921e-11
3.79917e-12
3.79917e-12
1.32971e-11
7.59833e-12
-5.50879e-11
-3.98913e-11
1.13975e-11
-6.45858e-11
-5.88871e-11
-5.69875e-11
1.89958e-11
5.69875e-12
5.69875e-12
2.08954e-11
7.59833e-12
0
-1.89958e-12
-5.69875e-11
1.70963e-11
1.89958e-12
3.60921e-11
1.89958e-12
-5.69875e-11
-6.26863e-11
3.60921e-11
1.89958e-12
5.69875e-11
-6.64854e-11
2.65942e-11
1.70963e-11
1.89958e-12
3.41925e-11
9.49792e-12
-6.64854e-11
7.59833e-12
0
0
0
5.77994e-12
3.85329e-12
1.92665e-12
1.73398e-11
0
7.70658e-12
9.63323e-12
5.77994e-12
7.70658e-12
3.85329e-12
7.70658e-12
1.92665e-12
1.15599e-11
0
0
1.54132e-11
0
0
5.77994e-12
7.70658e-12
1.54132e-11
9.63323e-12
0
2.11931e-11
9.63323e-12
9.63323e-12
7.70658e-12
3.85329e-12
0
9.63323e-12
2.50464e-11
1.54132e-11
2.11931e-11
7.70658e-12
3.85329e-12
0
0
1.15599e-11
2.31197e-11
0
9.63323e-12
-5.77994e-12
1.92665e-12
1.92665e-11
-1.34865e-11
-9.63323e-12
2.31197e-11
9.63323e-12
5.77994e-12
7.70658e-12
0
1.92665e-12
1.92665e-12
1.54132e-11
9.63323e-12
0
1.92665e-12
9.63323e-12
1.54132e-11
-3.85329e-12
0
0
1.92665e-12
0
7.70658e-12
1.54132e-11
3.85329e-12
-7.70658e-12
9.63323e-12
1.92665e-12
-2.88997e-11
5.77994e-12
7.70658e-12
-1.15599e-11
3.85329e-12
1.73398e-11
1.92665e-12
5.77994e-12
1.54132e-11
1.92665e-12
5.77994e-12
1.92665e-12
-3.85329e-12
0
1.92665e-12
7.70658e-12
1.73398e-11
9.63323e-12
1.92665e-12
1.92665e-12
2.6973e-11
5.77994e-12
-1.15599e-11
9.63323e-12
5.77994e-12
1.92665e-12
-1.92665e-12
-1.95409e-12
1.95409e-11
1.95409e-11
6.2531e-11
6.83933e-11
7.23015e-11
6.83933e-11
7.23015e-11
7.81637e-11
7.62096e-11
7.62096e-11
7.03474e-11
7.23015e-11
5.66687e-11
2.54032e-11
5.66687e-11
4.88523e-11
8.59801e-11
6.64392e-11
7.81637e-12
-1.56327e-11
5.47146e-11
5.66687e-11
5.86228e-11
5.27605e-11
7.42555e-11
7.03474e-11
3.71278e-11
4.88523e-11
5.47146e-11
-9.77047e-12
5.86228e-11
4.68982e-11
5.27605e-11
6.83933e-11
7.23015e-11
1.95409e-12
4.88523e-11
6.2531e-11
7.23015e-11
4.68982e-11
5.47146e-11
2.1495e-11
8.20719e-11
8.59801e-11
4.68982e-11
-3.12655e-11
5.47146e-11
1.17246e-11
3.90819e-12
6.64392e-11
5.66687e-11
1.95409e-12
6.05769e-11
7.42555e-11
7.23015e-11
-7.81637e-12
6.64392e-11
7.42555e-11
6.44851e-11
-3.51737e-11
1.17246e-11
5.86228e-12
6.83933e-11
7.23015e-11
3.90819e-12
1.95409e-12
-3.90819e-12
0
7.23015e-11
4.88523e-11
0
6.64392e-11
5.86228e-11
5.47146e-11
-5.86228e-12
0
0
0
-1.95409e-12
-1.36787e-11
-7.81637e-12
6.64392e-11
-1.95409e-12
0
-4.1036e-11
3.90819e-12
7.23015e-11
5.66687e-11
3.90819e-12
1.95409e-12
1.95409e-12
7.62096e-11
1.75868e-11
0
3.90819e-12
7.81637e-12
-7.81637e-12
7.62096e-11
0
-1.98193e-12
-3.96386e-12
-1.98193e-12
-5.9458e-12
0
-1.98193e-12
-3.96386e-12
-1.98193e-12
-3.56748e-11
-8.32411e-11
-4.55844e-11
0
-4.95483e-11
-9.90966e-12
-1.98193e-12
-3.36928e-11
-1.98193e-12
-9.90966e-12
-8.12592e-11
1.98193e-12
0
0
-9.90966e-12
-1.58555e-11
-7.92773e-12
0
-5.9458e-12
0
-9.90966e-12
1.98193e-12
5.9458e-12
-3.96386e-12
0
0
-7.72954e-11
0
-3.96386e-12
-3.96386e-12
1.98193e-12
0
-7.13496e-11
0
-1.98193e-12
-2.7747e-11
-3.56748e-11
-7.92773e-12
-9.90966e-12
1.98193e-11
1.18916e-11
-1.98193e-12
0
-3.96386e-12
-3.96386e-12
-5.9458e-12
-3.96386e-12
-1.98193e-12
-3.56748e-11
-3.96386e-12
0
-3.76567e-11
-5.9458e-12
-9.90966e-12
1.98193e-12
-4.16206e-11
-3.96386e-11
-3.96386e-12
-3.96386e-12
0
-5.9458e-12
-1.98193e-12
0
-3.96386e-12
0
2.7747e-11
0
-3.76567e-11
5.9458e-12
-7.92773e-12
-1.78374e-11
-3.96386e-12
-5.9458e-12
-8.52231e-11
-3.96386e-12
0
-3.96386e-12
5.9458e-12
0
1.98193e-12
-9.90966e-12
-1.58555e-11
-3.96386e-11
-3.96386e-12
0
-8.32411e-11
-3.96386e-12
5.9458e-12
-5.9458e-12
-7.92773e-12
-3.96386e-12
1.98193e-12
-6.0305e-12
2.01017e-12
2.01017e-12
1.00508e-11
6.0305e-12
4.02033e-12
4.02033e-12
0
0
-4.02033e-12
0
4.02033e-12
0
0
2.81423e-11
0
0
0
8.04067e-12
4.8244e-11
6.43254e-11
2.01017e-12
0
-8.04067e-12
8.04067e-12
1.2061e-11
6.0305e-12
3.21627e-11
3.21627e-11
2.01017e-12
1.00508e-11
0
3.21627e-11
-2.01017e-12
8.04067e-12
-2.01017e-12
2.01017e-12
1.00508e-11
6.0305e-12
2.01017e-12
3.6183e-11
4.02033e-12
2.01017e-12
0
4.02033e-12
4.42237e-11
5.62847e-11
6.0305e-12
1.00508e-11
2.01017e-12
0
2.01017e-12
-6.0305e-12
1.00508e-11
2.01017e-12
2.01017e-12
1.2061e-11
2.01017e-12
0
1.00508e-11
4.22135e-11
0
2.01017e-12
6.0305e-12
4.02033e-12
2.01017e-12
2.01017e-12
6.0305e-12
4.02033e-12
0
0
2.01017e-12
4.02033e-12
2.01017e-12
-2.01017e-12
1.00508e-11
2.01017e-12
0
4.02033e-12
4.02033e-12
1.2061e-11
1.40712e-11
-6.0305e-12
1.00508e-11
0
4.42237e-11
4.02033e-12
-2.01017e-12
8.04067e-12
2.01017e-12
4.02033e-12
0
0
1.2061e-11
2.01017e-12
2.01017e-12
6.0305e-12
2.01017e-12
-6.0305e-12
6.0305e-12
6.11642e-12
6.11642e-12
4.07761e-12
8.15522e-12
2.03881e-12
4.07761e-12
0
2.03881e-12
2.85433e-11
7.74746e-11
3.87373e-11
0
5.09701e-11
4.07761e-12
4.07761e-12
2.85433e-11
2.03881e-12
1.0194e-11
7.74746e-11
0
6.11642e-12
0
4.07761e-12
6.11642e-12
8.15522e-12
6.11642e-12
4.07761e-12
4.07761e-12
1.0194e-11
0
0
4.07761e-12
2.03881e-12
2.03881e-12
7.74746e-11
0
-2.03881e-12
-2.03881e-12
-6.11642e-12
-2.03881e-12
7.74746e-11
6.11642e-12
2.03881e-12
2.85433e-11
3.87373e-11
1.42716e-11
1.0194e-11
0
0
2.03881e-12
-4.07761e-12
6.11642e-12
6.11642e-12
2.03881e-12
2.03881e-12
0
2.65045e-11
6.11642e-12
0
3.87373e-11
4.07761e-12
4.07761e-12
0
3.87373e-11
3.87373e-11
6.11642e-12
6.11642e-12
0
-4.07761e-12
-2.03881e-12
6.11642e-12
2.03881e-12
0
4.07761e-12
0
3.66985e-11
0
0
4.07761e-12
2.03881e-12
8.15522e-12
7.54358e-11
6.11642e-12
-6.11642e-12
2.03881e-12
-6.11642e-12
-4.07761e-12
-2.03881e-12
2.03881e-12
6.11642e-12
3.87373e-11
0
-2.03881e-12
1.28445e-10
6.11642e-12
4.07761e-12
2.03881e-12
4.07761e-12
4.07761e-12
0
4.1357e-12
4.1357e-12
4.1357e-12
0
0
2.06785e-12
0
8.2714e-12
2.06785e-12
4.1357e-12
6.20355e-12
6.20355e-12
2.06785e-12
4.1357e-12
2.06785e-12
4.1357e-12
-2.06785e-12
0
4.1357e-12
2.06785e-12
4.1357e-12
0
-2.06785e-12
6.20355e-12
-4.1357e-12
-2.06785e-12
0
6.20355e-12
0
0
4.1357e-12
0
8.2714e-12
8.2714e-12
-2.06785e-12
4.1357e-12
2.06785e-12
2.06785e-12
0
2.06785e-12
-2.06785e-12
0
4.1357e-12
4.1357e-12
4.1357e-12
-8.2714e-12
-6.20355e-12
0
4.1357e-12
0
4.1357e-12
-4.1357e-12
2.06785e-12
0
-4.1357e-12
4.1357e-12
2.06785e-12
-4.1357e-12
4.1357e-12
-2.06785e-12
4.1357e-12
-2.06785e-12
0
4.1357e-12
4.1357e-12
-6.20355e-12
-4.1357e-12
-2.06785e-12
0
-4.1357e-12
4.1357e-12
2.06785e-12
-4.1357e-12
4.1357e-12
2.06785e-12
2.06785e-12
2.06785e-12
2.06785e-12
2.06785e-12
0
-4.1357e-12
2.06785e-12
2.06785e-12
0
-2.06785e-12
0
0
0
-2.06785e-12
-4.1357e-12
-2.06785e-12
2.06785e-12
6.20355e-12
-2.06785e-12
-6.20355e-12
-4.1357e-12
-4.96284e-11
4.1357e-12
6.61712e-11
0
0
0
2.09731e-12
0
4.19462e-12
0
0
8.38924e-12
4.19462e-12
6.29193e-12
2.09731e-12
8.38924e-12
8.38924e-12
4.19462e-12
4.19462e-12
4.19462e-12
8.38924e-12
4.19462e-12
-4.19462e-12
0
0
6.29193e-12
2.09731e-12
0
0
2.09731e-12
6.29193e-12
4.19462e-12
0
0
4.19462e-12
6.29193e-12
4.19462e-12
4.19462e-12
2.09731e-12
4.19462e-12
2.09731e-12
4.19462e-12
8.38924e-12
4.19462e-12
0
2.09731e-12
2.09731e-12
0
4.19462e-12
-4.19462e-12
4.19462e-12
0
4.19462e-12
4.19462e-12
6.29193e-12
0
0
0
8.38924e-12
4.19462e-12
0
6.29193e-12
4.19462e-12
2.09731e-12
0
0
0
4.19462e-12
0
0
6.29193e-12
6.29193e-12
0
0
4.19462e-12
0
6.29193e-12
0
6.29193e-12
4.19462e-12
2.09731e-12
2.09731e-12
6.29193e-12
0
6.29193e-12
0
2.09731e-12
2.09731e-12
4.19462e-12
6.71139e-11
0
4.19462e-12
4.19462e-12
0
2.09731e-12
8.38924e-12
2.09731e-12
-4.82381e-11
2.09731e-12
8.38924e-12
2.09731e-12
6.29193e-12
8.38924e-12
2.09731e-12
0
0
0
-2.12719e-12
0
0
0
-2.12719e-12
-4.25438e-12
0
-2.12719e-12
0
0
-2.12719e-12
-4.25438e-12
-2.12719e-12
0
0
0
0
-2.12719e-12
-2.12719e-12
0
-2.12719e-12
0
-2.12719e-12
-2.12719e-12
0
0
-2.12719e-12
-4.25438e-12
0
-2.12719e-12
-2.12719e-12
6.38157e-12
-6.38157e-12
-2.12719e-12
0
-6.38157e-12
-4.25438e-12
2.12719e-12
8.50876e-12
-6.38157e-12
0
8.50876e-12
0
-4.25438e-12
-4.25438e-12
-2.12719e-12
1.06359e-11
-2.12719e-12
-2.12719e-12
0
0
0
-2.12719e-12
0
-2.12719e-12
-2.12719e-12
4.25438e-12
0
0
-2.12719e-12
0
-4.25438e-12
0
-2.12719e-12
2.12719e-12
4.25438e-12
-2.12719e-12
-2.12719e-12
0
0
-4.25438e-12
0
0
0
0
-2.12719e-12
6.38157e-12
8.50876e-11
1.12741e-10
4.25438e-12
6.38157e-12
4.25438e-12
-2.12719e-12
0
6.38157e-12
0
6.38157e-12
4.25438e-12
0
-2.12719e-12
2.12719e-12
4.25438e-12
0
5.10525e-11
0
-6.38157e-11
-2.12719e-12
8.62998e-12
8.62998e-12
-2.15749e-12
2.15749e-12
0
6.47248e-12
1.2945e-11
-8.62998e-12
-2.15749e-12
4.96224e-11
1.94174e-11
-8.62998e-12
4.31499e-12
0
6.47248e-12
0
0
-4.31499e-12
6.47248e-12
6.47248e-12
6.68823e-11
0
6.47248e-12
5.82523e-11
6.47248e-12
9.27722e-11
6.90398e-11
9.49297e-11
9.92447e-11
6.47248e-12
0
0
0
2.15749e-12
0
0
0
9.92447e-11
8.41423e-11
1.0356e-10
0
9.49297e-11
0
1.01402e-10
-2.15749e-12
1.01402e-10
0
6.47248e-12
0
2.15749e-12
8.19848e-11
6.47248e-12
1.0356e-10
5.60948e-11
7.98273e-11
4.96224e-11
4.31499e-12
0
0
2.15749e-12
4.31499e-12
6.47248e-12
6.47248e-12
2.15749e-12
6.47248e-12
6.47248e-12
0
0
4.31499e-12
8.62998e-11
9.70872e-11
1.0356e-10
7.98273e-11
8.62998e-11
9.92447e-11
9.92447e-11
1.07875e-10
1.0356e-10
9.70872e-11
1.01402e-10
-8.62998e-12
0
0
8.62998e-11
9.92447e-11
-5.82523e-11
5.60948e-11
8.19848e-11
1.01402e-10
6.47248e-12
5.17799e-11
7.98273e-11
9.92447e-11
2.15749e-12
0
9.70872e-11
1.0356e-10
8.19848e-11
7.98273e-11
1.0356e-10
0
0
-2.18823e-12
-4.37646e-12
-4.37646e-12
2.18823e-12
6.56469e-12
2.18823e-12
0
2.18823e-12
0
2.18823e-12
0
0
8.75292e-12
0
0
-2.18823e-12
0
8.75292e-12
4.37646e-12
1.09412e-11
8.75292e-12
0
8.75292e-12
4.37646e-12
1.09412e-11
0
4.37646e-12
1.09412e-11
4.37646e-12
8.75292e-12
8.75292e-12
-2.18823e-12
-6.56469e-12
0
2.18823e-12
0
0
0
0
-4.37646e-12
1.31294e-11
6.56469e-12
-1.09412e-11
2.18823e-12
0
2.18823e-12
0
-8.75292e-12
6.56469e-12
1.09412e-11
0
8.75292e-12
0
8.75292e-12
-6.56469e-12
1.09412e-11
0
0
-2.18823e-12
1.09412e-11
1.09412e-11
8.75292e-12
8.75292e-12
1.09412e-11
1.09412e-11
0
-2.18823e-12
0
8.75292e-12
-2.18823e-12
-2.18823e-12
6.56469e-12
8.75292e-12
4.37646e-12
6.56469e-12
4.37646e-12
6.56469e-12
-6.56469e-12
-8.5341e-11
-1.18164e-10
-6.56469e-12
-6.56469e-12
-2.18823e-12
1.09412e-11
8.75292e-12
6.56469e-12
6.56469e-12
-6.56469e-12
8.75292e-12
-2.18823e-12
-2.18823e-12
-2.18823e-12
8.75292e-12
1.09412e-11
8.75292e-12
-2.18823e-12
1.15976e-10
6.56469e-12
-6.65821e-12
-2.2194e-12
0
1.99746e-11
4.43881e-12
1.33164e-11
-1.1097e-11
1.1097e-11
0
-3.55105e-11
0
1.99746e-11
6.65821e-12
-8.87762e-12
-6.65821e-12
-6.65821e-12
-6.65821e-12
0
-6.65821e-12
-6.65821e-12
-6.43627e-11
-2.2194e-12
-8.87762e-12
-5.77045e-11
-6.65821e-12
-1.04312e-10
-5.77045e-11
-9.98732e-11
-7.1021e-11
-2.2194e-12
-2.2194e-12
-6.65821e-12
-6.65821e-12
-6.65821e-12
0
1.1097e-11
4.43881e-12
-9.98732e-11
-8.65568e-11
-1.02093e-10
6.65821e-12
-9.76538e-11
6.65821e-12
-1.02093e-10
-4.43881e-12
-8.2118e-11
8.87762e-12
-4.43881e-12
-6.65821e-12
-2.2194e-12
-8.2118e-11
-6.65821e-12
-9.98732e-11
-4.88269e-11
-8.2118e-11
-5.32657e-11
0
-2.2194e-12
-2.2194e-12
-6.65821e-12
-2.2194e-12
-6.65821e-12
-2.2194e-12
-8.87762e-12
-6.65821e-12
-8.87762e-12
-6.65821e-12
-2.2194e-12
-8.87762e-12
-8.65568e-11
-1.02093e-10
-1.04312e-10
-8.2118e-11
-8.65568e-11
-1.1097e-10
-1.02093e-10
-1.04312e-10
-9.54344e-11
-1.02093e-10
-1.04312e-10
0
0
0
-9.3215e-11
-9.98732e-11
-2.2194e-12
-5.32657e-11
-8.65568e-11
-1.04312e-10
6.65821e-12
-5.99239e-11
-8.65568e-11
-1.04312e-10
-2.2194e-12
-4.43881e-12
-1.1097e-10
-1.02093e-10
-7.32404e-11
-8.87762e-11
-1.08751e-10
0
0
-2.92633e-11
0
-6.75307e-12
-4.50205e-12
-6.52797e-11
-6.52797e-11
-2.02592e-11
-3.82674e-11
-1.01296e-10
-1.35061e-11
-2.25102e-12
-5.62756e-11
-2.02592e-11
-5.62756e-11
-4.50205e-12
-2.92633e-11
-4.50205e-12
-9.00409e-12
-4.72715e-11
-6.75307e-11
-6.52797e-11
0
-6.52797e-11
-4.50205e-12
-1.12551e-11
-6.75307e-12
-2.47613e-11
-9.00409e-12
-6.75307e-12
-9.00409e-12
-1.35061e-11
-4.50205e-12
-1.12551e-11
0
-1.12551e-11
-4.95225e-11
-1.12551e-11
-6.75307e-12
-1.12551e-11
-1.57572e-11
-1.12551e-11
-1.35061e-11
-4.50205e-12
-9.00409e-12
-2.02592e-11
-9.00409e-12
-2.25102e-12
-9.00409e-12
-1.57572e-11
-1.35061e-11
2.25102e-12
-1.35061e-11
-6.75307e-12
-4.05184e-11
6.75307e-12
-1.35061e-11
-4.50205e-12
-4.50205e-12
-1.57572e-11
-1.12551e-11
-1.57572e-11
-1.12551e-11
-4.05184e-11
-1.35061e-11
-4.05184e-11
-6.75307e-12
-1.03547e-10
-4.50205e-12
-1.57572e-11
4.50205e-12
-4.50205e-12
-1.35061e-11
-4.27694e-11
-1.12551e-11
-1.35061e-11
-1.57572e-11
-1.12551e-11
0
-3.15143e-11
0
-2.25102e-12
-9.00409e-12
-4.50205e-12
-4.27694e-11
-1.57572e-11
-1.35061e-11
-1.12551e-11
-4.50205e-12
-1.12551e-11
-3.15143e-11
-4.50205e-12
-1.05798e-10
-1.35061e-11
-1.80082e-11
-1.19304e-10
-8.55389e-11
-1.23806e-10
-9.00409e-12
-2.28309e-12
-6.84928e-12
0
-2.05478e-11
-2.28309e-12
-5.0228e-11
-9.13237e-12
-9.13237e-12
0
-2.05478e-11
-2.05478e-11
-1.82647e-11
-1.82647e-11
-1.59816e-11
0
-1.14155e-11
-2.05478e-11
-2.28309e-12
-1.14155e-11
-1.82647e-11
-4.56618e-12
-1.36986e-11
0
-4.56618e-12
-1.14155e-11
-2.28309e-12
-2.28309e-11
-4.56618e-12
-3.19633e-11
-9.13237e-12
-2.28309e-12
-2.28309e-12
0
-2.28309e-12
-1.14155e-11
-1.14155e-11
-6.84928e-12
0
-2.28309e-12
-2.28309e-12
-1.59816e-11
-2.28309e-12
-1.14155e-11
-2.28309e-12
-2.28309e-12
-1.82647e-11
-1.14155e-11
-2.28309e-12
-2.28309e-12
-2.28309e-12
-4.56618e-12
-2.28309e-12
-2.28309e-12
-1.14155e-11
-2.28309e-12
-4.56618e-12
-1.36986e-11
-2.28309e-12
-2.28309e-12
0
0
-2.28309e-12
-2.28309e-12
2.28309e-12
-2.28309e-12
0
-2.28309e-12
-2.28309e-12
-6.84928e-12
-3.19633e-11
-2.28309e-12
2.28309e-12
-2.28309e-12
-3.19633e-11
6.84928e-12
2.28309e-12
-2.28309e-12
-6.84928e-12
0
0
0
-1.14155e-11
2.28309e-12
9.13237e-12
-2.28309e-12
-4.56618e-12
-2.28309e-12
-1.14155e-11
0
-1.14155e-11
2.28309e-12
0
0
-2.28309e-12
0
9.13237e-12
6.84928e-12
-6.84928e-12
0
0
-2.31562e-12
0
3.24187e-11
2.31562e-12
2.31562e-12
0
6.02061e-11
6.48373e-11
9.26247e-12
3.24187e-11
9.7256e-11
9.26247e-12
-2.31562e-12
5.32592e-11
1.15781e-11
5.32592e-11
2.31562e-12
3.24187e-11
0
-6.94685e-12
4.39967e-11
5.09436e-11
4.8628e-11
0
5.32592e-11
4.63124e-12
2.31562e-12
2.31562e-12
1.85249e-11
-9.26247e-12
-2.31562e-12
0
4.63124e-12
2.31562e-12
1.15781e-11
-2.31562e-12
1.15781e-11
3.70499e-11
1.15781e-11
0
1.38937e-11
4.63124e-12
-4.63124e-12
4.63124e-12
0
2.31562e-12
1.85249e-11
2.31562e-12
-2.31562e-12
0
-4.63124e-12
4.63124e-12
-4.63124e-12
2.31562e-12
-2.31562e-12
3.24187e-11
-2.31562e-12
2.31562e-12
2.31562e-12
-2.31562e-12
1.15781e-11
2.31562e-12
4.63124e-12
2.31562e-12
3.24187e-11
4.63124e-12
3.24187e-11
4.63124e-12
9.95716e-11
4.63124e-12
2.31562e-12
-2.31562e-12
2.31562e-12
-2.31562e-12
3.70499e-11
4.63124e-12
6.94685e-12
4.63124e-12
2.31562e-12
0
3.24187e-11
2.31562e-12
2.31562e-12
4.63124e-12
0
3.24187e-11
4.63124e-12
4.63124e-12
2.31562e-12
2.31562e-12
0
3.0103e-11
4.63124e-12
1.01887e-10
4.63124e-12
2.31562e-12
9.7256e-11
7.8731e-11
0
0
4.69721e-12
7.04582e-12
1.1743e-11
7.04582e-12
2.34861e-12
3.28805e-11
1.40916e-11
0
9.39443e-12
1.64403e-11
4.69721e-12
0
7.04582e-12
1.87889e-11
6.10638e-11
2.34861e-11
1.87889e-11
2.34861e-12
1.1743e-11
1.87889e-11
6.34124e-11
1.1743e-11
4.69721e-12
4.69721e-12
2.34861e-11
2.34861e-12
2.34861e-12
2.34861e-12
0
7.04582e-12
2.34861e-12
2.34861e-12
-2.34861e-12
0
1.1743e-11
0
0
4.69721e-12
1.64403e-11
4.69721e-12
7.04582e-12
1.40916e-11
4.69721e-12
0
3.75777e-11
9.39443e-12
2.34861e-12
1.40916e-11
4.69721e-12
0
4.69721e-12
2.34861e-12
3.52291e-11
9.39443e-12
-4.69721e-12
-2.34861e-12
1.87889e-11
3.52291e-11
0
0
0
3.75777e-11
7.04582e-12
3.52291e-11
2.34861e-12
2.34861e-12
3.75777e-11
0
4.69721e-12
3.28805e-11
2.34861e-12
-4.69721e-12
7.04582e-12
6.5761e-11
2.34861e-12
2.34861e-12
0
2.34861e-12
0
7.04582e-12
3.52291e-11
1.87889e-11
4.69721e-12
-2.34861e-12
2.34861e-12
0
0
1.1743e-11
2.34861e-12
-2.34861e-12
0
3.28805e-11
5.87152e-11
1.03339e-10
7.04582e-12
0
-7.04582e-12
7.04582e-12
3.52291e-11
0
9.52827e-12
1.09575e-10
0
-4.76413e-12
4.76413e-12
0
-2.38207e-12
0
4.76413e-12
-4.76413e-12
2.38207e-12
0
2.38207e-12
1.19103e-10
0
7.1462e-12
1.42924e-11
0
4.76413e-12
1.21485e-10
5.95517e-11
7.1462e-12
7.1462e-12
4.76413e-12
7.1462e-12
9.52827e-12
9.52827e-12
0
0
7.1462e-12
2.38207e-12
0
9.52827e-12
2.38207e-12
1.14339e-10
4.76413e-12
0
1.90565e-11
0
7.1462e-12
7.38441e-11
0
7.1462e-12
2.38207e-12
4.76413e-12
9.52827e-12
7.1462e-12
4.76413e-12
2.38207e-12
1.19103e-11
7.1462e-12
0
0
0
9.52827e-12
0
1.42924e-11
2.38207e-12
7.38441e-11
7.1462e-12
7.1462e-12
0
2.38207e-12
0
7.1462e-12
0
2.38207e-12
0
9.52827e-12
9.52827e-12
5.95517e-11
7.38441e-11
-2.38207e-12
9.52827e-12
0
7.1462e-11
-4.76413e-12
0
4.76413e-11
9.52827e-12
0
0
0
7.38441e-11
4.76413e-12
7.1462e-12
0
1.42924e-11
0
0
1.66745e-11
4.76413e-12
0
7.1462e-12
0
2.38207e-12
1.90565e-11
0
4.76413e-12
7.1462e-12
0
-2.416e-12
-1.208e-11
4.832e-12
-4.832e-12
0
-4.832e-12
0
-4.832e-12
-9.66401e-12
0
0
-7.24801e-12
-2.416e-12
-6.28161e-11
-1.4496e-11
4.832e-12
0
4.832e-12
-2.416e-12
-5.79841e-11
4.832e-12
0
-4.832e-12
-1.4496e-11
4.832e-12
4.832e-12
0
9.66401e-12
0
4.832e-12
0
7.24801e-12
7.24801e-12
0
0
7.24801e-12
-2.416e-12
-1.4496e-11
-2.416e-12
-2.416e-12
-9.66401e-12
-4.832e-12
0
-3.1408e-11
-9.66401e-12
0
-9.66401e-12
0
7.24801e-12
4.832e-12
4.832e-12
-3.1408e-11
0
2.416e-12
7.24801e-12
-4.832e-12
-3.3824e-11
0
7.24801e-12
-2.416e-12
-3.624e-11
-2.416e-12
0
0
0
-3.3824e-11
0
7.24801e-12
0
0
1.18384e-10
0
-3.1408e-11
0
-7.24801e-12
4.832e-12
0
0
-7.24801e-12
-3.624e-11
-7.24801e-12
-4.832e-12
2.416e-12
2.416e-12
0
0
1.25632e-10
0
7.24801e-12
3.3824e-11
-3.624e-11
-6.04001e-11
-1.01472e-10
-2.416e-12
4.832e-12
2.416e-12
0
-3.1408e-11
7.24801e-12
-4.90084e-12
-1.1517e-10
0
-4.90084e-12
-2.45042e-12
0
0
0
2.45042e-12
0
0
0
7.35126e-12
-1.1517e-10
0
7.35126e-12
-9.80169e-12
7.35126e-12
2.45042e-12
-1.1517e-10
-6.3711e-11
-1.22521e-11
0
4.90084e-12
4.90084e-12
-9.80169e-12
-9.80169e-12
-1.47025e-11
0
0
2.45042e-12
0
-4.90084e-12
2.45042e-12
-1.1762e-10
4.90084e-12
0
-7.35126e-12
7.35126e-12
0
-7.35126e-11
2.45042e-12
0
7.35126e-12
2.45042e-12
-2.45042e-12
-5.39093e-11
0
4.90084e-12
-7.35126e-12
0
0
0
4.90084e-12
4.90084e-12
0
-1.22521e-11
0
-7.59631e-11
-2.45042e-12
2.45042e-12
0
-2.45042e-12
0
-1.96034e-11
-2.45042e-12
-4.90084e-12
0
0
-9.80169e-12
-6.3711e-11
-7.59631e-11
0
-4.90084e-12
2.45042e-12
-7.59631e-11
-4.90084e-12
-1.47025e-11
-3.92067e-11
-1.22521e-11
-1.47025e-11
4.90084e-12
0
-6.61614e-11
-2.45042e-12
-7.35126e-12
-1.47025e-11
-1.22521e-11
0
-1.7153e-11
-1.7153e-11
0
0
0
0
0
-1.7153e-11
-4.90084e-12
0
-7.35126e-12
2.48533e-12
1.46635e-10
1.24267e-10
1.24267e-11
2.48533e-12
7.45599e-12
2.73386e-11
1.46635e-10
1.24267e-11
2.73386e-11
1.46635e-10
1.1184e-10
7.45599e-12
8.69866e-11
4.97066e-12
8.69866e-11
2.48533e-12
9.94133e-12
7.45599e-12
9.94133e-12
9.94133e-12
7.45599e-12
8.69866e-11
1.24267e-11
6.21333e-11
-4.97066e-12
2.48533e-12
1.24267e-11
4.97066e-12
9.94133e-12
7.45599e-12
1.29237e-10
7.45599e-12
5.9648e-11
7.45599e-12
6.21333e-11
9.94133e-12
7.45599e-12
1.24267e-10
6.21333e-11
6.46186e-11
5.9648e-11
9.94133e-12
-2.48533e-12
2.48533e-12
-2.48533e-12
2.48533e-12
1.24267e-10
6.21333e-11
5.9648e-11
4.97066e-12
4.97066e-12
9.94133e-12
9.69279e-11
4.97066e-12
0
2.48533e-12
9.94133e-12
9.94133e-12
2.48533e-12
9.94133e-12
0
-4.97066e-12
-2.2368e-11
2.2368e-11
9.94133e-12
1.39179e-10
9.94133e-12
-7.45599e-12
0
1.36693e-10
-1.21781e-10
-4.97066e-12
0
7.45599e-12
1.24267e-11
0
5.2192e-11
1.34208e-10
1.24267e-11
1.24267e-11
-4.97066e-12
9.94133e-12
-4.97066e-12
-4.97066e-12
9.94133e-12
1.24267e-11
-1.16811e-10
1.4912e-11
9.94133e-12
6.46186e-11
9.94133e-12
9.94133e-12
2.48533e-12
4.72213e-11
0
1.01899e-10
9.94133e-11
-4.97066e-12
-2.48533e-12
0
1.26037e-11
1.51244e-10
2.26866e-11
1.0335e-10
0
7.31014e-11
0
0
2.52074e-12
1.31078e-10
5.04148e-12
-5.04148e-12
0
-5.04148e-12
-5.04148e-12
2.52074e-12
-7.56221e-12
-5.04148e-12
0
0
1.0083e-11
2.52074e-12
-2.52074e-12
0
0
-8.06636e-11
1.26037e-11
0
5.04148e-12
-1.51244e-11
-5.04148e-12
1.31078e-10
0
-1.26037e-11
-2.52074e-12
-5.04148e-12
-5.04148e-12
-1.51244e-11
-2.52074e-12
0
-1.26037e-11
0
-5.04148e-12
-2.52074e-12
-5.04148e-12
4.7894e-11
-5.04148e-12
-2.52074e-12
-2.52074e-12
0
0
-5.04148e-12
-1.0083e-11
-2.52074e-12
2.52074e-12
-1.0083e-11
-5.04148e-12
0
2.52074e-12
-1.0083e-11
0
0
0
1.26037e-11
2.52074e-12
-5.04148e-12
-1.0083e-11
-7.56221e-12
-2.52074e-12
5.04148e-12
-2.52074e-12
-5.04148e-12
-5.7977e-11
-7.56221e-12
0
-7.56221e-12
1.26037e-11
-1.0083e-11
0
2.52074e-12
-1.63848e-10
-2.52074e-12
-7.56221e-12
0
0
1.76452e-11
-5.04148e-12
-1.0083e-11
1.26037e-11
0
-2.52074e-12
0
-2.01659e-11
-2.52074e-12
-5.04148e-12
5.04148e-12
-5.04148e-12
-5.04148e-12
0
-1.02266e-11
-1.48286e-10
-1.15049e-10
-1.53399e-11
-2.55665e-12
-5.1133e-12
-2.55665e-11
-1.48286e-10
-1.02266e-11
-2.55665e-11
-1.32946e-10
-1.07379e-10
0
-7.41428e-11
5.1133e-12
-7.41428e-11
0
-1.02266e-11
-2.55665e-12
-1.02266e-11
-5.1133e-12
-1.02266e-11
-8.18128e-11
0
-5.88029e-11
7.66995e-12
0
-1.02266e-11
-2.55665e-12
-1.02266e-11
-2.55665e-12
-1.27832e-10
-5.1133e-12
-5.88029e-11
-2.55665e-12
-6.64729e-11
-1.02266e-11
-5.1133e-12
-1.27832e-10
-6.64729e-11
-5.88029e-11
-7.15862e-11
-1.27832e-11
7.66995e-12
0
7.66995e-12
5.1133e-12
-1.27832e-10
-6.64729e-11
-6.64729e-11
-1.02266e-11
-2.55665e-12
-2.55665e-12
-9.20394e-11
-7.66995e-12
2.55665e-12
-2.55665e-12
-1.02266e-11
-1.02266e-11
-1.02266e-11
-2.55665e-12
7.66995e-12
7.66995e-12
-1.53399e-11
-2.30098e-11
-1.78965e-11
-1.38059e-10
-1.53399e-11
5.1133e-12
7.66995e-12
-1.32946e-10
7.66995e-12
0
7.66995e-12
-5.1133e-12
-1.02266e-11
-7.66995e-12
-5.1133e-11
-1.32946e-10
-2.55665e-12
-7.66995e-12
2.55665e-12
-7.66995e-12
2.55665e-12
1.53399e-11
-5.1133e-12
-5.1133e-12
-2.55665e-12
-2.04532e-11
-1.02266e-11
-9.97093e-11
-2.55665e-12
-1.02266e-11
-5.1133e-12
-4.60197e-11
0
-1.02266e-10
-1.02266e-10
2.55665e-12
-5.1133e-12
0
-3.88961e-11
-1.55584e-10
-2.07446e-11
-1.16688e-10
-1.55584e-11
-8.03853e-11
0
0
-7.77922e-12
-1.52991e-10
-2.33377e-11
-5.18615e-12
0
0
-7.77922e-12
-5.18615e-12
-1.29654e-11
-2.59307e-12
0
0
-2.59307e-12
-5.18615e-12
-5.18615e-12
-2.59307e-12
0
8.29783e-11
0
2.59307e-12
-7.77922e-12
1.03723e-11
0
-1.40026e-10
1.11502e-10
7.77922e-12
0
-1.29654e-11
5.18615e-12
1.81515e-11
0
0
1.03723e-11
2.59307e-12
1.14095e-10
1.03723e-11
0
-5.18615e-12
0
0
0
0
0
-2.59307e-12
0
0
-5.18615e-12
5.18615e-12
1.21874e-10
0
0
2.59307e-12
0
0
5.18615e-12
0
2.59307e-12
0
1.29654e-10
1.3484e-10
2.59307e-12
-1.29654e-11
-5.18615e-12
5.18615e-12
1.78922e-10
0
-2.59307e-12
7.77922e-12
5.18615e-12
0
-2.59307e-12
5.18615e-12
1.65957e-10
5.18615e-12
-5.18615e-12
-7.77922e-12
0
-2.59307e-12
0
1.03723e-11
-2.59307e-12
-2.59307e-12
0
0
1.55584e-11
5.18615e-12
-1.29654e-11
-2.59307e-12
2.59307e-12
1.03723e-11
-2.59307e-12
0
5.26003e-12
-2.36701e-11
0
0
0
0
-1.05201e-11
-1.05201e-11
-2.63001e-12
-2.10401e-11
-2.63001e-12
-7.89004e-12
-1.57801e-11
-5.26003e-12
-1.31501e-11
-7.89004e-12
5.26003e-12
5.26003e-12
0
-7.89004e-12
0
-7.89004e-12
-1.05201e-11
-2.63001e-12
-7.89004e-12
-7.89004e-12
-1.31501e-11
-5.26003e-12
0
-7.89004e-12
-1.31501e-11
-7.89004e-12
-7.89004e-12
0
-1.31501e-11
5.26003e-12
-2.63001e-12
-1.31501e-11
0
-7.89004e-12
5.26003e-12
-1.31501e-11
-7.89004e-12
-7.89004e-12
-7.89004e-12
0
0
0
0
0
0
-5.26003e-12
-7.89004e-12
0
-7.89004e-12
0
-2.36701e-11
0
0
-7.89004e-12
-7.89004e-12
-7.89004e-12
-5.26003e-12
0
5.26003e-12
2.36701e-11
2.63001e-11
-2.63001e-12
-7.89004e-12
-2.63001e-12
-2.63001e-11
0
-5.26003e-12
-5.26003e-12
0
2.63001e-12
-5.26003e-12
0
-7.89004e-12
0
0
-5.26003e-12
2.36701e-11
9.46805e-11
-5.26003e-12
-7.89004e-12
-7.89004e-12
5.26003e-12
0
7.89004e-12
1.84101e-11
2.36701e-11
0
-1.05201e-11
-1.44651e-10
0
2.63001e-12
0
2.63001e-12
0
1.33374e-11
-1.33374e-11
-2.40073e-11
-2.66748e-12
-2.40073e-11
-1.06699e-11
-8.00245e-12
5.33497e-12
-2.66748e-12
-2.40073e-11
2.66748e-12
-4.26797e-11
-8.00245e-12
0
2.66748e-12
0
-1.60049e-11
0
-8.00245e-12
2.66748e-12
-5.33497e-12
-2.66748e-11
-5.06822e-11
-5.33497e-12
-8.00245e-12
-2.66748e-11
-2.93423e-11
-8.00245e-12
-5.33497e-12
-2.93423e-11
5.33497e-12
-8.00245e-12
-1.44044e-10
-8.00245e-12
5.33497e-12
5.33497e-12
-3.73448e-11
-1.60049e-11
0
0
-2.66748e-12
-2.93423e-11
-1.17369e-10
-4.00122e-11
-2.93423e-11
-2.66748e-12
-8.00245e-12
-2.66748e-11
0
-8.00245e-12
0
-8.00245e-12
-8.00245e-12
2.13399e-11
-5.33497e-12
-1.33374e-11
-1.22704e-10
0
-2.66748e-12
0
-8.00245e-12
-8.00245e-12
2.13399e-11
0
-8.00245e-12
-2.66748e-12
-1.25372e-10
-1.41377e-10
-1.33374e-11
-8.00245e-12
8.00245e-12
-2.66748e-12
-1.38709e-10
2.13399e-11
-5.33497e-12
-8.00245e-12
-2.66748e-12
1.33374e-11
-5.33497e-12
2.66748e-12
-1.06699e-11
-2.66748e-12
-8.00245e-12
-2.66748e-12
2.13399e-11
-8.00245e-12
-8.00245e-12
0
-5.33497e-12
-1.06699e-11
-2.66748e-12
-5.33497e-12
-1.06699e-11
-1.86724e-11
5.33497e-12
2.66748e-12
-2.66748e-12
1.33374e-11
0
0
0
2.70548e-12
5.41097e-12
0
-8.9281e-11
5.41097e-12
2.70548e-12
0
-8.11645e-12
5.41097e-12
-2.70548e-12
2.70548e-12
0
0
-8.11645e-12
-1.08219e-11
-2.70548e-12
-7.84591e-11
0
0
0
0
5.41097e-12
-8.11645e-12
0
5.41097e-12
2.70548e-12
-1.24452e-10
0
0
8.11645e-12
-1.08219e-11
-5.41097e-12
0
8.11645e-12
-8.9281e-11
0
1.08219e-11
-8.11645e-12
0
0
1.35274e-11
0
0
-1.21747e-10
0
0
5.41097e-12
-8.11645e-12
0
-8.11645e-12
-1.08219e-11
0
-2.70548e-12
-1.08219e-11
-1.40685e-10
1.62329e-11
0
0
0
-5.41097e-12
-1.89384e-11
-2.70548e-12
0
-1.08219e-11
-2.16439e-11
-1.10925e-10
-1.40685e-10
5.41097e-12
5.41097e-12
1.89384e-11
0
-1.24452e-10
-2.70548e-12
0
0
-1.08219e-11
-1.35274e-11
0
0
-2.70548e-12
0
-4.32878e-11
-1.08219e-10
-2.70548e-12
0
0
-8.11645e-12
-1.08219e-11
-2.70548e-12
-2.16439e-11
-1.10925e-10
-1.40685e-10
1.08219e-11
1.3798e-10
0
0
-1.27158e-10
0
0
2.74403e-12
2.46963e-11
1.92082e-11
1.09761e-11
3.84164e-11
8.23208e-12
1.09761e-11
0
8.23208e-12
4.11604e-11
1.09761e-11
4.39045e-11
8.23208e-12
0
0
5.48806e-12
4.93925e-11
2.74403e-12
8.23208e-12
0
8.23208e-12
3.01843e-11
4.66485e-11
0
8.23208e-12
2.19522e-11
3.29283e-11
5.48806e-12
8.23208e-12
3.01843e-11
0
1.09761e-11
2.46963e-11
8.23208e-12
0
2.74403e-12
3.01843e-11
1.37201e-11
0
5.48806e-12
2.74403e-12
3.01843e-11
0
3.01843e-11
3.29283e-11
2.74403e-12
8.23208e-12
2.19522e-11
0
8.23208e-12
0
1.09761e-11
8.23208e-12
-1.92082e-11
1.09761e-11
1.64642e-11
2.74403e-12
0
-2.74403e-12
0
5.48806e-12
1.37201e-11
-1.92082e-11
0
1.09761e-11
0
2.74403e-12
1.37201e-11
8.23208e-12
5.48806e-12
0
2.74403e-12
1.37201e-11
-2.19522e-11
8.23208e-12
5.48806e-12
5.48806e-12
-1.37201e-11
8.23208e-12
-5.48806e-12
8.23208e-12
2.74403e-12
1.09761e-11
5.48806e-12
-1.92082e-11
8.23208e-12
8.23208e-12
0
1.09761e-11
8.23208e-12
0
2.74403e-12
1.37201e-11
8.23208e-12
5.48806e-12
0
2.74403e-12
-1.92082e-11
-2.74403e-12
0
-1.05759e-10
0
-5.56624e-12
-1.94818e-11
5.56624e-12
-1.28024e-10
-8.34936e-11
-9.46261e-11
-9.74092e-11
-8.07105e-11
-8.34936e-11
-9.46261e-11
-1.05759e-10
-5.56624e-11
-8.62767e-11
-9.74092e-11
-5.00962e-11
-5.56624e-11
-9.46261e-11
-1.66987e-11
-1.05759e-10
-1.05759e-10
-1.66987e-11
-9.74092e-11
-5.56624e-11
-8.34936e-11
-4.73131e-11
4.17468e-11
-8.34936e-11
-1.05759e-10
-5.56624e-11
-7.51443e-11
-4.73131e-11
-8.34936e-11
-8.34936e-11
3.61806e-11
-5.56624e-12
-1.2524e-10
-7.51443e-11
-1.36373e-10
-5.56624e-11
-1.05759e-10
-1.05759e-10
-5.56624e-11
3.89637e-11
-1.3359e-10
-5.56624e-11
-1.05759e-10
-9.74092e-11
-1.05759e-10
-1.22457e-10
2.78312e-12
-1.05759e-10
-1.05759e-10
-1.14108e-10
1.41939e-10
2.78312e-12
-5.56624e-12
-1.05759e-10
-1.05759e-10
-1.02975e-10
-9.1843e-11
-1.22457e-10
-1.05759e-10
2.78312e-12
-1.05759e-10
-3.06143e-11
5.84455e-11
-5.56624e-12
-1.94818e-11
-1.05759e-10
-1.05759e-10
1.28024e-10
0
-5.56624e-12
-5.56624e-12
-9.74092e-11
-9.74092e-11
-5.56624e-12
0
5.56624e-12
-1.53072e-10
1.39156e-11
-1.05759e-10
-1.05759e-10
-1.05759e-10
-1.05759e-10
-1.14108e-10
-9.74092e-11
-1.05759e-10
-5.56624e-12
-3.06143e-11
5.84455e-11
-1.53072e-10
-8.34936e-12
-1.05759e-10
0
1.28024e-10
2.78312e-12
0
2.82277e-12
-8.46831e-12
-1.41139e-11
8.46831e-12
0
-2.82277e-12
5.64554e-12
5.64554e-12
0
-1.12911e-10
0
-8.46831e-12
-2.82277e-12
0
0
-2.82277e-12
-2.54049e-11
0
-8.46831e-12
-2.82277e-12
-2.82277e-12
-2.82277e-12
0
-2.82277e-12
-1.12911e-11
0
-1.15734e-10
-1.69366e-11
0
-2.82277e-12
0
-1.15734e-10
-1.12911e-11
-7.3392e-11
-1.10088e-10
2.82277e-12
-1.41139e-11
-7.62148e-11
-1.15734e-10
-7.62148e-11
-1.12911e-11
-2.82277e-12
-1.18556e-10
-1.12911e-11
-1.15734e-10
-1.41139e-11
-1.15734e-10
-1.18556e-10
-1.41139e-11
0
0
-1.07265e-10
-7.3392e-11
-1.07265e-10
-5.64554e-12
0
-7.05693e-11
-2.82277e-12
2.82277e-12
-1.07265e-10
-6.77465e-11
-1.07265e-10
-7.3392e-11
-1.07265e-10
-2.82277e-12
-2.82277e-12
0
1.69366e-11
-2.82277e-12
-1.07265e-10
-1.07265e-10
0
0
-5.64554e-12
-1.07265e-10
5.64554e-12
0
0
-1.07265e-10
5.64554e-12
0
0
0
-2.82277e-12
-2.82277e-12
-1.07265e-10
-2.82277e-12
0
1.41139e-11
-1.07265e-10
-2.82277e-12
-7.3392e-11
2.82277e-12
0
5.64554e-12
-7.3392e-11
-8.46831e-12
0
-5.64554e-12
0
1.08793e-10
1.43149e-11
1.43149e-11
2.57669e-11
1.25971e-10
1.31697e-10
8.58895e-11
1.23108e-10
1.20245e-10
1.17382e-10
8.58895e-11
9.73415e-11
1.17382e-10
6.29857e-11
1.23108e-10
1.17382e-10
6.29857e-11
1.3456e-10
1.0593e-10
2.57669e-11
1.17382e-10
1.37423e-10
1.71779e-11
1.37423e-10
5.43967e-11
8.30265e-11
6.58486e-11
9.73415e-11
9.16155e-11
1.08793e-10
6.58486e-11
9.44785e-11
5.43967e-11
1.17382e-10
8.87525e-11
6.58486e-11
1.71779e-11
1.3456e-10
8.87525e-11
1.68916e-10
5.43967e-11
1.17382e-10
1.14519e-10
5.43967e-11
8.87525e-11
1.37423e-10
6.58486e-11
1.14519e-10
1.08793e-10
1.08793e-10
1.25971e-10
5.72597e-12
1.11656e-10
1.20245e-10
1.28834e-10
2.86298e-11
1.14519e-11
8.58895e-12
1.20245e-10
1.08793e-10
1.14519e-10
1.20245e-10
1.28834e-10
1.20245e-10
5.72597e-12
1.08793e-10
1.25971e-10
9.44785e-11
5.72597e-12
2.29039e-11
1.11656e-10
1.08793e-10
1.14519e-11
0
5.72597e-12
5.72597e-12
1.20245e-10
1.08793e-10
-8.58895e-12
0
2.86298e-11
1.57464e-10
5.72597e-12
1.08793e-10
1.20245e-10
1.20245e-10
1.03067e-10
1.25971e-10
1.11656e-10
1.08793e-10
8.58895e-12
1.28834e-10
7.73006e-11
1.57464e-10
1.71779e-11
1.11656e-10
0
1.14519e-11
-2.86298e-12
0
-2.90377e-12
0
5.80754e-12
0
2.90377e-12
2.90377e-12
0
-5.80754e-12
0
1.0744e-10
2.90377e-12
8.71131e-12
5.80754e-12
-5.80754e-12
0
2.90377e-12
-2.90377e-12
2.90377e-12
2.03264e-11
2.90377e-12
2.90377e-12
5.80754e-12
-5.80754e-12
5.80754e-12
1.45189e-11
0
1.19055e-10
1.45189e-11
2.90377e-12
2.90377e-12
2.90377e-12
1.19055e-10
1.45189e-11
6.96905e-11
1.10343e-10
0
1.45189e-11
6.3883e-11
1.16151e-10
6.96905e-11
1.45189e-11
2.90377e-12
1.16151e-10
1.45189e-11
1.16151e-10
8.71131e-12
1.10343e-10
1.10343e-10
1.45189e-11
0
0
1.10343e-10
6.3883e-11
1.10343e-10
2.90377e-12
-2.90377e-12
7.25943e-11
5.80754e-12
-8.71131e-12
1.10343e-10
6.3883e-11
1.10343e-10
6.3883e-11
1.10343e-10
2.90377e-12
2.90377e-12
-8.71131e-12
-2.03264e-11
-5.80754e-12
1.10343e-10
1.13247e-10
0
0
2.90377e-12
1.10343e-10
2.90377e-12
-2.90377e-12
0
1.10343e-10
0
-2.90377e-12
0
2.90377e-12
2.90377e-12
2.90377e-12
1.10343e-10
5.80754e-12
0
-2.32302e-11
1.10343e-10
5.80754e-12
6.3883e-11
0
0
0
7.25943e-11
8.71131e-12
0
8.71131e-12
0
-2.94514e-12
-8.83542e-12
-5.89028e-12
-2.0616e-11
-4.1232e-11
0
-2.94514e-12
-1.17806e-11
-5.89028e-12
-2.65063e-11
0
0
-5.89028e-12
-5.89028e-12
-2.65063e-11
-8.83542e-12
-1.0897e-10
-1.17806e-11
-8.83542e-12
-8.83542e-12
-3.82868e-11
-5.59577e-11
0
-2.65063e-11
-2.94514e-11
-2.94514e-11
-8.83542e-12
-2.94514e-12
-8.83542e-12
0
-1.17806e-11
-8.83542e-12
0
-1.1486e-10
0
-1.17806e-11
-1.17806e-11
-5.89028e-12
-1.35476e-10
-2.65063e-11
0
-8.83542e-12
0
-2.94514e-11
0
1.47257e-11
-5.89028e-12
0
5.89028e-12
0
-2.94514e-11
0
0
-4.1232e-11
0
0
-1.17806e-11
-1.17806e-11
-1.0897e-10
-5.89028e-12
-1.0308e-10
-1.76708e-11
0
-1.17806e-11
-9.71896e-11
-5.89028e-12
0
-1.17806e-11
-1.00135e-10
-5.89028e-12
-3.53417e-11
0
-1.17806e-11
-8.83542e-12
-2.94514e-11
-2.94514e-11
-1.0897e-10
0
1.47257e-11
0
-2.65063e-11
0
0
0
-1.17806e-11
-1.17806e-11
8.83542e-12
0
0
0
-1.17806e-11
-1.00135e-10
5.89028e-12
1.76708e-11
0
-2.94514e-11
0
0
0
0
2.9871e-12
-1.19484e-11
2.9871e-12
-5.97419e-12
0
0
-8.96129e-12
-2.9871e-12
0
0
0
0
-5.97419e-12
5.97419e-12
-5.97419e-12
0
2.9871e-12
-5.97419e-12
-5.97419e-12
-5.97419e-12
-2.9871e-12
0
5.97419e-12
-1.19484e-11
5.97419e-12
8.96129e-12
0
0
0
0
-5.97419e-12
0
-5.97419e-12
2.9871e-12
-5.97419e-12
-5.97419e-12
0
8.96129e-12
-5.97419e-12
0
1.19484e-11
-5.97419e-12
0
5.97419e-12
-5.97419e-12
5.97419e-12
5.97419e-12
5.97419e-12
-8.96129e-12
0
-2.9871e-12
0
8.96129e-12
-2.9871e-12
0
-2.9871e-12
0
-8.96129e-12
1.19484e-11
2.9871e-12
1.19484e-11
0
8.96129e-12
0
-5.97419e-12
0
8.96129e-12
5.97419e-12
1.19484e-11
0
5.97419e-12
0
0
0
8.96129e-12
5.97419e-12
2.9871e-12
0
0
-5.97419e-12
8.96129e-12
1.19484e-11
1.19484e-11
5.97419e-12
-8.96129e-12
-5.97419e-12
-5.97419e-12
-5.97419e-12
-2.9871e-12
0
0
1.19484e-11
8.96129e-12
0
-5.97419e-12
5.97419e-12
-5.97419e-12
-5.97419e-12
-5.97419e-12
3.02965e-12
0
6.05931e-12
0
1.21186e-11
0
-3.02965e-12
0
-1.81779e-11
-9.08896e-12
0
0
0
-3.02965e-12
0
0
0
1.09067e-10
0
-6.05931e-12
0
2.72669e-11
2.12076e-11
0
0
1.81779e-11
2.42372e-11
0
-9.08896e-12
0
0
-9.08896e-12
0
-9.08896e-12
8.48303e-11
0
-9.08896e-12
0
0
1.39364e-10
0
0
0
0
2.42372e-11
-3.02965e-12
-1.81779e-11
-6.05931e-12
0
-3.02965e-12
0
2.72669e-11
-3.02965e-12
0
2.72669e-11
0
-3.02965e-11
-6.05931e-12
6.05931e-12
3.93855e-11
-5.45337e-11
9.99785e-11
3.02965e-12
0
0
9.08896e-11
6.05931e-12
1.81779e-11
0
9.99785e-11
-5.45337e-11
2.42372e-11
1.81779e-11
0
9.08896e-12
2.12076e-11
2.42372e-11
9.99785e-11
0
-3.02965e-12
0
0
0
0
-9.08896e-12
0
0
0
-3.02965e-12
0
0
6.05931e-12
9.99785e-11
0
-1.81779e-11
0
2.42372e-11
0
-1.51483e-11
0
0
9.21844e-12
1.84369e-11
1.53641e-11
3.3801e-11
1.53641e-11
0
1.22913e-11
3.68738e-11
9.21844e-12
4.30194e-11
3.07281e-12
2.76553e-11
4.30194e-11
6.14563e-12
2.45825e-11
4.60922e-11
3.07281e-12
1.22913e-11
6.14563e-12
1.22913e-11
5.22378e-11
4.30194e-11
0
6.14563e-12
4.30194e-11
4.60922e-11
4.60922e-11
0
4.60922e-11
9.21844e-12
5.22378e-11
4.60922e-11
6.14563e-12
-3.07281e-12
5.22378e-11
9.21844e-12
4.60922e-11
0
1.22913e-11
-3.07281e-12
-1.22913e-11
1.22913e-11
9.21844e-12
4.60922e-11
4.9165e-11
0
6.14563e-12
9.21844e-12
1.53641e-11
4.60922e-11
5.22378e-11
3.07281e-12
4.60922e-11
1.53641e-11
9.21844e-12
0
6.14563e-12
1.53641e-11
4.60922e-11
9.21844e-12
6.14563e-12
9.21844e-12
9.21844e-12
9.21844e-12
5.22378e-11
4.60922e-11
6.14563e-12
0
-3.07281e-12
1.22913e-11
9.21844e-12
6.14563e-12
0
1.53641e-11
-3.07281e-12
9.21844e-12
-3.07281e-12
0
0
1.53641e-11
-9.21844e-12
3.3801e-11
-3.07281e-12
3.07281e-12
1.84369e-11
1.22913e-11
9.21844e-12
9.21844e-12
9.21844e-12
4.60922e-11
4.60922e-11
9.21844e-12
-1.22913e-11
-3.07281e-12
1.53641e-11
9.21844e-12
7.98932e-11
1.84369e-11
6.14563e-12
0
1.24664e-11
2.80493e-11
0
-3.11659e-12
1.5583e-11
1.5583e-11
1.5583e-11
1.24664e-11
1.30897e-10
0
6.23318e-12
9.34977e-12
1.5583e-11
0
1.5583e-11
9.34977e-12
1.24664e-11
1.5583e-11
3.11659e-12
1.5583e-11
1.3713e-10
1.09081e-10
0
1.24664e-11
1.86995e-11
1.5583e-11
1.5583e-11
6.23318e-12
0
1.24664e-11
1.3713e-10
9.34977e-12
1.34013e-10
6.23318e-12
1.5583e-11
1.86995e-11
1.5583e-11
0
0
0
1.86995e-11
0
1.5583e-11
1.5583e-11
6.23318e-12
3.11659e-12
9.34977e-12
0
1.5583e-11
9.34977e-11
1.34013e-10
6.23318e-12
1.5583e-11
1.5583e-11
1.5583e-11
1.24664e-11
2.18161e-11
1.5583e-11
8.10314e-11
7.47982e-11
0
3.11659e-12
3.11659e-11
1.5583e-11
3.11659e-12
0
-1.5583e-11
1.5583e-11
3.11659e-12
7.47982e-11
0
0
6.23318e-12
0
0
0
0
1.86995e-11
2.18161e-11
0
0
1.86995e-11
1.5583e-11
2.49327e-11
0
-6.23318e-12
1.5583e-11
3.73991e-11
-3.11659e-12
0
2.80493e-11
0
0
0
1.5583e-11
1.24664e-11
0
9.34977e-12
6.23318e-12
6.32198e-12
-9.48297e-12
-1.2644e-11
-1.2644e-11
-1.89659e-11
-1.2644e-11
6.32198e-12
0
-2.52879e-11
-1.2644e-11
-4.10929e-11
-9.48297e-12
-1.89659e-11
-3.79319e-11
-6.32198e-12
-1.2644e-11
-3.79319e-11
0
0
0
-3.16099e-12
-4.74149e-11
-4.42539e-11
0
6.32198e-12
-3.79319e-11
-4.10929e-11
-4.10929e-11
0
-4.10929e-11
-3.16099e-12
-4.10929e-11
-3.79319e-11
3.16099e-12
6.32198e-12
-4.10929e-11
6.32198e-12
-4.10929e-11
0
-6.32198e-12
3.16099e-12
3.16099e-12
0
-3.16099e-12
-4.10929e-11
-4.10929e-11
0
-3.16099e-12
-3.16099e-12
-3.16099e-12
-4.42539e-11
-4.10929e-11
0
-4.10929e-11
-6.32198e-12
-3.16099e-12
0
-9.48297e-12
-9.48297e-12
-4.42539e-11
-6.32198e-12
-6.32198e-12
-3.16099e-12
-1.2644e-11
-3.16099e-12
-4.42539e-11
-4.10929e-11
-9.48297e-12
0
9.48297e-12
-3.16099e-12
-9.48297e-12
-6.32198e-12
3.16099e-12
-3.16099e-12
3.16099e-12
-3.16099e-12
3.16099e-12
3.16099e-12
0
-9.48297e-12
0
-4.42539e-11
-3.16099e-12
-3.16099e-12
-3.16099e-12
0
-3.16099e-12
-3.16099e-12
3.16099e-12
-3.47709e-11
-4.74149e-11
-9.48297e-12
3.16099e-12
9.48297e-12
-3.16099e-12
3.16099e-12
-6.95418e-11
-1.2644e-11
0
0
-1.28241e-11
-2.88542e-11
0
3.20602e-12
-9.61807e-12
-9.61807e-12
-9.61807e-12
-1.60301e-11
-1.28241e-10
6.41205e-12
-9.61807e-12
-9.61807e-12
-9.61807e-12
0
-1.28241e-11
-9.61807e-12
-1.28241e-11
-1.28241e-11
0
-1.92361e-11
-1.41065e-10
-1.09005e-10
0
-9.61807e-12
-9.61807e-12
-1.28241e-11
-1.28241e-11
-6.41205e-12
3.20602e-12
-9.61807e-12
-1.28241e-10
-9.61807e-12
-1.21829e-10
-6.41205e-12
-1.28241e-11
-9.61807e-12
-1.28241e-11
0
0
0
-1.28241e-11
3.20602e-12
-1.28241e-11
-1.28241e-11
3.20602e-12
0
3.20602e-12
3.20602e-12
-1.28241e-11
-8.97687e-11
-1.34653e-10
3.20602e-12
-1.28241e-11
-1.92361e-11
-1.28241e-11
-6.41205e-12
-1.28241e-11
-1.28241e-11
-2.24422e-11
-1.92361e-11
0
3.20602e-12
-2.88542e-11
-1.28241e-11
3.20602e-12
3.20602e-12
0
-1.60301e-11
0
-1.28241e-11
0
-1.92361e-11
0
3.20602e-12
9.61807e-12
3.20602e-12
0
-1.28241e-11
-1.92361e-11
0
0
-2.24422e-11
-1.28241e-11
-1.28241e-11
3.20602e-12
9.61807e-12
-1.28241e-11
-2.56482e-11
9.61807e-12
1.28241e-11
-2.88542e-11
0
0
3.20602e-12
-1.28241e-11
0
3.20602e-12
-6.41205e-12
-6.41205e-12
)
;

boundaryField
{
    patch1
    {
        type            calculated;
        value           nonuniform List<scalar> 
50
(
-4.80904e-12
-8.12924e-12
0
0
-5.08899e-12
-1.7205e-12
0
1.76987e-12
3.59017e-12
-1.45653e-11
-7.38638e-12
9.36451e-12
7.59833e-12
-1.92665e-12
0
1.98193e-12
6.0305e-12
0
0
2.09731e-12
-2.12719e-12
1.0356e-10
6.56469e-12
-1.08751e-10
-9.00409e-12
0
0
0
7.1462e-12
7.24801e-12
-7.35126e-12
-2.48533e-12
0
-5.1133e-12
-2.59307e-12
2.63001e-12
0
0
-2.74403e-12
2.78312e-12
-5.64554e-12
-2.86298e-12
8.71131e-12
0
-5.97419e-12
0
6.14563e-12
6.23318e-12
0
-6.41205e-12
)
;
    }
    patch2
    {
        type            calculated;
        value           nonuniform List<scalar> 
50
(
0
1.62585e-12
-1.64901e-12
-5.01751e-12
-1.69633e-12
0
1.74501e-12
0
0
-7.28263e-12
0
7.49161e-12
0
0
-1.95409e-12
-1.98193e-12
-6.0305e-12
6.11642e-12
4.1357e-12
0
0
8.62998e-12
0
-6.65821e-12
0
-2.28309e-12
-2.31562e-12
4.69721e-12
9.52827e-12
0
-4.90084e-12
2.48533e-12
0
-1.02266e-11
0
0
0
0
0
0
0
0
0
0
0
3.02965e-12
0
0
6.32198e-12
0
)
;
    }
    patch3
    {
        type            calculated;
        value           uniform 0;
    }
    patch4
    {
        type            calculated;
        value           uniform 0;
    }
    defaultFaces
    {
        type            empty;
    }
}


// ************************************************************************* //
