/*--------------------------------*- C++ -*----------------------------------*\
| =========                 |                                                 |
| \\      /  F ield         | OpenFOAM: The Open Source CFD Toolbox           |
|  \\    /   O peration     | Version:  2406                                  |
|   \\  /    A nd           | Website:  www.openfoam.com                      |
|    \\/     M anipulation  |                                                 |
\*---------------------------------------------------------------------------*/
FoamFile
{
    version     2.0;
    format      ascii;
    arch        "LSB;label=32;scalar=64";
    class       volVectorField;
    location    "5.55";
    object      flux;
}
// * * * * * * * * * * * * * * * * * * * * * * * * * * * * * * * * * * * * * //

dimensions      [0 1 -1 1 0 0 0];

internalField   nonuniform List<vector> 
100
(
(-28160 -30720 0)
(-61440 -5120 0)
(-2560 30720 0)
(17920 25600 0)
(-58880 15360 0)
(-38400 -2560 0)
(12800 -2560 0)
(10240 12800 0)
(23040 5120 0)
(25600 -2560 0)
(-7680 -58880 0)
(0 -10240 0)
(33280 58880 0)
(0 48640 0)
(-89600 12800 0)
(-56320 12800 0)
(33280 23040 0)
(17920 20480 0)
(10240 30720 0)
(15360 12800 0)
(25600 2560 0)
(56320 12800 0)
(48640 20480 0)
(-25600 10240 0)
(-92160 5120 0)
(-35840 46080 0)
(20480 23040 0)
(17920 -7680 0)
(12800 23040 0)
(7680 30720 0)
(7680 40960 0)
(15360 12800 0)
(30720 -28160 0)
(-12800 -25600 0)
(-51200 -17920 0)
(-38400 12800 0)
(-23040 0 0)
(17920 -5120 0)
(43520 2560 0)
(30720 -20480 0)
(-2560 -7680 0)
(-5120 -12800 0)
(15360 -35840 0)
(-23040 -25600 0)
(-53760 -38400 0)
(-17920 -12800 0)
(5120 -12800 0)
(23040 2560 0)
(-2560 7680 0)
(-15360 -43520 0)
(0 0 0)
(-17920 5120 0)
(12800 5120 0)
(-12800 0 0)
(-33280 23040 0)
(-15360 23040 0)
(-10240 15360 0)
(35840 2560 0)
(0 -10240 0)
(-23040 -15360 0)
(5120 46080 0)
(0 69120 0)
(7680 66560 0)
(-2560 33280 0)
(-33280 64000 0)
(-23040 53760 0)
(-10240 46080 0)
(0 30720 0)
(-20480 0 0)
(-25600 -23040 0)
(20480 56320 0)
(2560 81920 0)
(-23040 79360 0)
(-15360 38400 0)
(-12800 38400 0)
(-33280 51200 0)
(-35840 35840 0)
(-10240 23040 0)
(-56320 -17920 0)
(-46080 -46080 0)
(33280 38400 0)
(23040 23040 0)
(-30720 25600 0)
(-46080 25600 0)
(-25600 -2560 0)
(-25600 -23040 0)
(-35840 0 0)
(-53760 -23040 0)
(-84480 -64000 0)
(-48640 -28160 0)
(7680 23040 0)
(-12800 0 0)
(-20480 -12800 0)
(-46080 7680 0)
(-58880 -10240 0)
(-28160 -30720 0)
(-33280 -12800 0)
(-81920 -23040 0)
(-66560 -43520 0)
(-12800 -7680 0)
)
;

boundaryField
{
    left
    {
        type            calculated;
        value           nonuniform List<vector> 10((0 -30720 0) (0 -58880 0) (0 2560 0) (0 40960 0) (0 -7680 0) (0 0 0) (0 46080 0) (0 56320 0) (0 38400 0) (0 23040 0));
    }
    right
    {
        type            calculated;
        value           nonuniform List<vector> 10((0 -2560 0) (0 12800 0) (0 30720 0) (0 -20480 0) (0 -43520 0) (0 -15360 0) (0 -23040 0) (0 -46080 0) (0 -28160 0) (0 -7680 0));
    }
    top
    {
        type            calculated;
        value           nonuniform List<vector> 10((7680 0 0) (-12800 0 0) (-20480 0 0) (-46080 0 0) (-58880 0 0) (-28160 0 0) (-33280 0 0) (-81920 0 0) (-66560 0 0) (-12800 0 0));
    }
    bottom
    {
        type            calculated;
        value           nonuniform List<vector> 10((-28160 0 0) (-61440 0 0) (-2560 0 0) (17920 0 0) (-58880 0 0) (-38400 0 0) (12800 0 0) (10240 0 0) (23040 0 0) (25600 0 0));
    }
    defaultFaces
    {
        type            empty;
    }
}


// ************************************************************************* //
