/*--------------------------------*- C++ -*----------------------------------*\
| =========                 |                                                 |
| \\      /  F ield         | OpenFOAM: The Open Source CFD Toolbox           |
|  \\    /   O peration     | Version:  2406                                  |
|   \\  /    A nd           | Website:  www.openfoam.com                      |
|    \\/     M anipulation  |                                                 |
\*---------------------------------------------------------------------------*/
FoamFile
{
    version     2.0;
    format      ascii;
    arch        "LSB;label=32;scalar=64";
    class       volVectorField;
    location    "7.1";
    object      flux;
}
// * * * * * * * * * * * * * * * * * * * * * * * * * * * * * * * * * * * * * //

dimensions      [0 1 -1 1 0 0 0];

internalField   nonuniform List<vector> 
100
(
(-2.79173e+11 -2.57698e+11 0)
(-5.36871e+11 4.29497e+10 0)
(0 1.50324e+11 0)
(2.57698e+11 2.36223e+11 0)
(-3.86547e+11 -2.14748e+10 0)
(-3.65072e+11 -4.29497e+10 0)
(1.50324e+11 -2.14748e+10 0)
(8.58993e+10 4.29497e+10 0)
(1.71799e+11 0 0)
(2.14748e+11 -2.14748e+10 0)
(0 -4.93921e+11 0)
(-1.50324e+11 -6.44245e+10 0)
(1.93274e+11 4.08022e+11 0)
(1.50324e+11 4.08022e+11 0)
(-6.87195e+11 0 0)
(-3.86547e+11 1.07374e+11 0)
(2.57698e+11 1.50324e+11 0)
(1.28849e+11 1.07374e+11 0)
(1.07374e+11 2.14748e+11 0)
(1.93274e+11 -2.14748e+10 0)
(1.28849e+11 0 0)
(3.65072e+11 1.07374e+11 0)
(4.08022e+11 3.22123e+11 0)
(-1.28849e+11 1.28849e+11 0)
(-6.6572e+11 1.93274e+11 0)
(-2.57698e+11 3.65072e+11 0)
(1.71799e+11 1.93274e+11 0)
(1.71799e+11 -6.44245e+10 0)
(0 1.93274e+11 0)
(-4.29497e+10 6.44245e+10 0)
(1.28849e+11 3.00648e+11 0)
(1.93274e+11 1.93274e+11 0)
(2.14748e+11 -8.58993e+10 0)
(-2.14748e+10 -1.50324e+11 0)
(-4.29497e+11 -1.28849e+11 0)
(-3.65072e+11 8.58993e+10 0)
(-1.28849e+11 -4.29497e+10 0)
(1.07374e+11 -1.07374e+11 0)
(2.14748e+11 2.14748e+10 0)
(1.07374e+11 -1.07374e+11 0)
(2.14748e+10 -4.29497e+10 0)
(-2.14748e+10 -2.14748e+10 0)
(1.28849e+11 -1.93274e+11 0)
(-2.14748e+11 -2.79173e+11 0)
(-4.72446e+11 -3.22123e+11 0)
(-1.50324e+11 -1.71799e+11 0)
(0 -2.14748e+11 0)
(2.14748e+11 0 0)
(0 0 0)
(-1.71799e+11 -3.00648e+11 0)
(1.50324e+11 8.58993e+10 0)
(0 1.07374e+11 0)
(-4.29497e+10 0 0)
(-1.07374e+11 -6.44245e+10 0)
(-3.00648e+11 2.57698e+11 0)
(-3.00648e+11 3.00648e+11 0)
(2.14748e+10 1.50324e+11 0)
(3.65072e+11 1.07374e+11 0)
(-6.44245e+10 -1.28849e+11 0)
(-2.57698e+11 -1.50324e+11 0)
(6.44245e+10 5.15396e+11 0)
(-6.44245e+10 4.72446e+11 0)
(-4.29497e+10 5.58346e+11 0)
(0 2.79173e+11 0)
(-1.07374e+11 4.08022e+11 0)
(-2.36223e+11 4.29497e+11 0)
(-1.93274e+11 4.08022e+11 0)
(-6.44245e+10 2.79173e+11 0)
(-2.79173e+11 2.14748e+10 0)
(-1.93274e+11 -1.28849e+11 0)
(1.07374e+11 4.50972e+11 0)
(2.14748e+10 4.93921e+11 0)
(-2.36223e+11 5.79821e+11 0)
(-2.57698e+11 3.86547e+11 0)
(-1.28849e+11 3.00648e+11 0)
(-2.79173e+11 2.36223e+11 0)
(-1.50324e+11 2.79173e+11 0)
(-6.44245e+10 1.71799e+11 0)
(-4.72446e+11 -8.58993e+10 0)
(-3.65072e+11 -2.14748e+11 0)
(1.50324e+11 3.22123e+11 0)
(4.29497e+10 1.93274e+11 0)
(-1.71799e+11 1.28849e+11 0)
(-3.00648e+11 2.79173e+11 0)
(-2.57698e+11 8.58993e+10 0)
(-2.79173e+11 -8.58993e+10 0)
(-2.14748e+11 8.58993e+10 0)
(-4.29497e+11 -2.36223e+11 0)
(-6.01295e+11 -4.29497e+11 0)
(-3.22123e+11 -1.93274e+11 0)
(-2.14748e+10 1.71799e+11 0)
(-1.50324e+11 4.29497e+10 0)
(-1.28849e+11 -2.14748e+10 0)
(-2.79173e+11 8.58993e+10 0)
(-4.93921e+11 -4.29497e+10 0)
(-2.79173e+11 -1.50324e+11 0)
(-3.00648e+11 -4.29497e+10 0)
(-6.2277e+11 -1.71799e+11 0)
(-4.72446e+11 -2.57698e+11 0)
(-1.50324e+11 -8.58993e+10 0)
)
;

boundaryField
{
    left
    {
        type            calculated;
        value           nonuniform List<vector> 10((0 -2.57698e+11 0) (0 -4.93921e+11 0) (0 0 0) (0 3.00648e+11 0) (0 -4.29497e+10 0) (0 8.58993e+10 0) (0 5.15396e+11 0) (0 4.50972e+11 0) (0 3.22123e+11 0) (0 1.71799e+11 0));
    }
    right
    {
        type            calculated;
        value           nonuniform List<vector> 10((0 -2.14748e+10 0) (0 -2.14748e+10 0) (0 6.44245e+10 0) (0 -1.07374e+11 0) (0 -3.00648e+11 0) (0 -1.50324e+11 0) (0 -1.28849e+11 0) (0 -2.14748e+11 0) (0 -1.93274e+11 0) (0 -8.58993e+10 0));
    }
    top
    {
        type            calculated;
        value           nonuniform List<vector> 10((-2.14748e+10 0 0) (-1.50324e+11 0 0) (-1.28849e+11 0 0) (-2.79173e+11 0 0) (-4.93921e+11 0 0) (-2.79173e+11 0 0) (-3.00648e+11 0 0) (-6.2277e+11 0 0) (-4.72446e+11 0 0) (-1.50324e+11 0 0));
    }
    bottom
    {
        type            calculated;
        value           nonuniform List<vector> 10((-2.79173e+11 0 0) (-5.36871e+11 0 0) (0 0 0) (2.57698e+11 0 0) (-3.86547e+11 0 0) (-3.65072e+11 0 0) (1.50324e+11 0 0) (8.58993e+10 0 0) (1.71799e+11 0 0) (2.14748e+11 0 0));
    }
    defaultFaces
    {
        type            empty;
    }
}


// ************************************************************************* //
