/*--------------------------------*- C++ -*----------------------------------*\
| =========                 |                                                 |
| \\      /  F ield         | OpenFOAM: The Open Source CFD Toolbox           |
|  \\    /   O peration     | Version:  2406                                  |
|   \\  /    A nd           | Website:  www.openfoam.com                      |
|    \\/     M anipulation  |                                                 |
\*---------------------------------------------------------------------------*/
FoamFile
{
    version     2.0;
    format      ascii;
    arch        "LSB;label=32;scalar=64";
    class       volVectorField;
    location    "9.15";
    object      flux;
}
// * * * * * * * * * * * * * * * * * * * * * * * * * * * * * * * * * * * * * //

dimensions      [0 1 -1 1 0 0 0];

internalField   nonuniform List<vector> 
100
(
(-2.30584e+20 -2.30584e+20 0)
(-6.45636e+20 -1.38351e+20 0)
(-1.84467e+20 9.22337e+19 0)
(0 2.76701e+20 0)
(-5.53402e+20 1.84467e+20 0)
(-4.15052e+20 -4.61169e+19 0)
(0 4.61169e+19 0)
(0 1.38351e+20 0)
(2.30584e+20 4.61169e+19 0)
(1.84467e+20 0 0)
(-1.38351e+20 -6.45636e+20 0)
(-2.30584e+20 -1.38351e+20 0)
(1.84467e+20 4.61169e+20 0)
(4.61169e+19 5.53402e+20 0)
(-8.7622e+20 1.38351e+20 0)
(-5.07285e+20 9.22337e+19 0)
(1.84467e+20 1.38351e+20 0)
(-4.61169e+19 1.84467e+20 0)
(9.22337e+19 2.30584e+20 0)
(1.84467e+20 9.22337e+19 0)
(1.84467e+20 0 0)
(4.15052e+20 1.38351e+20 0)
(4.61169e+20 3.22818e+20 0)
(-1.84467e+20 1.84467e+20 0)
(-1.06069e+21 1.38351e+20 0)
(-4.61169e+20 3.68935e+20 0)
(1.38351e+20 1.84467e+20 0)
(1.38351e+20 0 0)
(9.22337e+19 3.22818e+20 0)
(4.61169e+19 3.22818e+20 0)
(9.22337e+19 5.53402e+20 0)
(9.22337e+19 3.68935e+20 0)
(1.84467e+20 0 0)
(-1.38351e+20 -1.38351e+20 0)
(-6.45636e+20 -9.22337e+19 0)
(-5.07285e+20 1.84467e+20 0)
(-1.84467e+20 0 0)
(1.84467e+20 4.61169e+19 0)
(2.76701e+20 9.22337e+19 0)
(2.30584e+20 -4.61169e+19 0)
(-9.22337e+19 0 0)
(-1.38351e+20 -4.61169e+19 0)
(4.61169e+19 -2.30584e+20 0)
(-3.22818e+20 -2.30584e+20 0)
(-7.3787e+20 -2.30584e+20 0)
(-3.68935e+20 -4.61169e+19 0)
(0 -9.22337e+19 0)
(2.30584e+20 -4.61169e+19 0)
(0 1.38351e+20 0)
(-1.38351e+20 -3.68935e+20 0)
(4.61169e+19 0 0)
(-1.38351e+20 9.22337e+19 0)
(0 9.22337e+19 0)
(-1.38351e+20 1.38351e+20 0)
(-4.61169e+20 3.22818e+20 0)
(-3.22818e+20 5.07285e+20 0)
(-1.84467e+20 3.22818e+20 0)
(3.22818e+20 9.22337e+19 0)
(0 -4.61169e+19 0)
(-2.30584e+20 -1.38351e+20 0)
(-4.61169e+19 4.61169e+20 0)
(-9.22337e+19 5.07285e+20 0)
(9.22337e+19 5.53402e+20 0)
(-4.61169e+19 3.22818e+20 0)
(-3.68935e+20 5.07285e+20 0)
(-3.68935e+20 5.07285e+20 0)
(-3.68935e+20 4.15052e+20 0)
(-1.38351e+20 3.22818e+20 0)
(-2.30584e+20 4.61169e+19 0)
(-3.22818e+20 -2.76701e+20 0)
(9.22337e+19 3.68935e+20 0)
(0 5.53402e+20 0)
(-1.84467e+20 6.45636e+20 0)
(-2.30584e+20 2.76701e+20 0)
(-2.30584e+20 3.68935e+20 0)
(-4.15052e+20 4.15052e+20 0)
(-4.15052e+20 3.22818e+20 0)
(-9.22337e+19 3.22818e+20 0)
(-5.53402e+20 -2.30584e+20 0)
(-5.07285e+20 -4.61169e+20 0)
(2.30584e+20 3.22818e+20 0)
(1.38351e+20 2.30584e+20 0)
(-1.38351e+20 1.84467e+20 0)
(-3.68935e+20 3.22818e+20 0)
(-3.22818e+20 2.76701e+20 0)
(-3.68935e+20 0 0)
(-4.61169e+20 2.30584e+20 0)
(-5.99519e+20 -4.61169e+19 0)
(-1.06069e+21 -6.45636e+20 0)
(-5.99519e+20 -4.15052e+20 0)
(4.61169e+19 1.84467e+20 0)
(-1.84467e+20 0 0)
(-9.22337e+19 -1.38351e+20 0)
(-9.22337e+19 9.22337e+19 0)
(-5.53402e+20 9.22337e+19 0)
(-5.07285e+20 -1.38351e+20 0)
(-4.61169e+20 0 0)
(-1.01457e+21 -2.30584e+20 0)
(-8.30103e+20 -4.15052e+20 0)
(-2.30584e+20 0 0)
)
;

boundaryField
{
    left
    {
        type            calculated;
        value           nonuniform List<vector> 10((0 -2.30584e+20 0) (0 -6.45636e+20 0) (0 0 0) (0 5.53402e+20 0) (0 0 0) (0 0 0) (0 4.61169e+20 0) (0 3.68935e+20 0) (0 3.22818e+20 0) (0 1.84467e+20 0));
    }
    right
    {
        type            calculated;
        value           nonuniform List<vector> 10((0 0 0) (0 9.22337e+19 0) (0 3.22818e+20 0) (0 -4.61169e+19 0) (0 -3.68935e+20 0) (0 -1.38351e+20 0) (0 -2.76701e+20 0) (0 -4.61169e+20 0) (0 -4.15052e+20 0) (0 0 0));
    }
    top
    {
        type            calculated;
        value           nonuniform List<vector> 10((4.61169e+19 0 0) (-1.84467e+20 0 0) (-9.22337e+19 0 0) (-9.22337e+19 0 0) (-5.53402e+20 0 0) (-5.07285e+20 0 0) (-4.61169e+20 0 0) (-1.01457e+21 0 0) (-8.30103e+20 0 0) (-2.30584e+20 0 0));
    }
    bottom
    {
        type            calculated;
        value           nonuniform List<vector> 10((-2.30584e+20 0 0) (-6.45636e+20 0 0) (-1.84467e+20 0 0) (0 0 0) (-5.53402e+20 0 0) (-4.15052e+20 0 0) (0 0 0) (0 0 0) (2.30584e+20 0 0) (1.84467e+20 0 0));
    }
    defaultFaces
    {
        type            empty;
    }
}


// ************************************************************************* //
