/*--------------------------------*- C++ -*----------------------------------*\
| =========                 |                                                 |
| \\      /  F ield         | OpenFOAM: The Open Source CFD Toolbox           |
|  \\    /   O peration     | Version:  2406                                  |
|   \\  /    A nd           | Website:  www.openfoam.com                      |
|    \\/     M anipulation  |                                                 |
\*---------------------------------------------------------------------------*/
FoamFile
{
    version     2.0;
    format      ascii;
    arch        "LSB;label=32;scalar=64";
    class       volVectorField;
    location    "7.8";
    object      flux;
}
// * * * * * * * * * * * * * * * * * * * * * * * * * * * * * * * * * * * * * //

dimensions      [0 1 -1 1 0 0 0];

internalField   nonuniform List<vector> 
100
(
(-2.63883e+14 -2.19902e+14 0)
(-5.71746e+14 0 0)
(-4.39805e+13 8.79609e+13 0)
(8.79609e+13 3.51844e+14 0)
(-6.15727e+14 8.79609e+13 0)
(-5.27766e+14 -8.79609e+13 0)
(1.31941e+14 -4.39805e+13 0)
(0 -4.39805e+13 0)
(1.31941e+14 -8.79609e+13 0)
(2.19902e+14 -4.39805e+13 0)
(-8.79609e+13 -4.83785e+14 0)
(-2.19902e+14 -4.39805e+13 0)
(3.07863e+14 4.39805e+14 0)
(8.79609e+13 5.27766e+14 0)
(-1.01155e+15 1.31941e+14 0)
(-6.59707e+14 2.19902e+14 0)
(1.31941e+14 1.75922e+14 0)
(-4.39805e+13 4.39805e+13 0)
(1.31941e+14 3.07863e+14 0)
(2.63883e+14 2.19902e+14 0)
(1.31941e+14 0 0)
(3.95824e+14 8.79609e+13 0)
(5.71746e+14 3.51844e+14 0)
(-2.63883e+14 8.79609e+13 0)
(-9.6757e+14 1.31941e+14 0)
(-4.83785e+14 4.39805e+14 0)
(4.39805e+13 2.63883e+14 0)
(1.31941e+14 4.39805e+13 0)
(2.19902e+14 4.83785e+14 0)
(8.79609e+13 2.19902e+14 0)
(4.39805e+13 4.39805e+14 0)
(8.79609e+13 2.63883e+14 0)
(3.07863e+14 -2.19902e+14 0)
(-1.31941e+14 -2.19902e+14 0)
(-6.15727e+14 -1.31941e+14 0)
(-5.71746e+14 1.31941e+14 0)
(-3.07863e+14 -4.39805e+13 0)
(2.19902e+14 0 0)
(3.07863e+14 1.31941e+14 0)
(4.39805e+13 -1.75922e+14 0)
(-8.79609e+13 0 0)
(-2.19902e+14 0 0)
(1.31941e+14 -2.63883e+14 0)
(-2.19902e+14 -3.95824e+14 0)
(-6.15727e+14 -3.51844e+14 0)
(-3.51844e+14 0 0)
(-1.31941e+14 0 0)
(3.07863e+14 1.31941e+14 0)
(8.79609e+13 8.79609e+13 0)
(-2.19902e+14 -1.75922e+14 0)
(4.39805e+13 -8.79609e+13 0)
(-1.75922e+14 4.39805e+13 0)
(-8.79609e+13 4.39805e+13 0)
(-1.31941e+14 -8.79609e+13 0)
(-2.63883e+14 2.63883e+14 0)
(-3.07863e+14 3.95824e+14 0)
(-1.31941e+14 3.95824e+14 0)
(3.51844e+14 2.63883e+14 0)
(-4.39805e+13 0 0)
(-2.63883e+14 -8.79609e+13 0)
(8.79609e+13 4.83785e+14 0)
(-8.79609e+13 5.27766e+14 0)
(-8.79609e+13 6.15727e+14 0)
(0 3.51844e+14 0)
(-1.31941e+14 4.83785e+14 0)
(-1.31941e+14 4.83785e+14 0)
(-2.63883e+14 6.15727e+14 0)
(-1.75922e+14 4.83785e+14 0)
(-2.63883e+14 8.79609e+13 0)
(-2.63883e+14 -2.63883e+14 0)
(8.79609e+13 5.71746e+14 0)
(-8.79609e+13 6.15727e+14 0)
(-2.63883e+14 8.35629e+14 0)
(-3.07863e+14 4.39805e+14 0)
(-8.79609e+13 3.07863e+14 0)
(-2.19902e+14 3.95824e+14 0)
(-1.31941e+14 2.63883e+14 0)
(-1.75922e+14 2.63883e+14 0)
(-7.03687e+14 -1.75922e+14 0)
(-5.71746e+14 -4.83785e+14 0)
(1.75922e+14 3.07863e+14 0)
(1.31941e+14 3.51844e+14 0)
(-2.19902e+14 3.07863e+14 0)
(-4.83785e+14 3.95824e+14 0)
(-1.75922e+14 3.07863e+14 0)
(-2.19902e+14 4.39805e+13 0)
(-3.07863e+14 1.75922e+14 0)
(-6.15727e+14 -1.75922e+14 0)
(-1.01155e+15 -5.27766e+14 0)
(-7.03687e+14 -2.63883e+14 0)
(1.31941e+14 1.75922e+14 0)
(-8.79609e+13 8.79609e+13 0)
(-1.75922e+14 -4.39805e+13 0)
(-3.95824e+14 1.75922e+14 0)
(-4.39805e+14 8.79609e+13 0)
(-2.63883e+14 -1.31941e+14 0)
(-4.39805e+14 0 0)
(-8.79609e+14 -1.75922e+14 0)
(-7.91648e+14 -3.07863e+14 0)
(-2.19902e+14 1.31941e+14 0)
)
;

boundaryField
{
    left
    {
        type            calculated;
        value           nonuniform List<vector> 10((0 -2.19902e+14 0) (0 -4.83785e+14 0) (0 0 0) (0 4.39805e+14 0) (0 0 0) (0 -8.79609e+13 0) (0 4.83785e+14 0) (0 5.71746e+14 0) (0 3.07863e+14 0) (0 1.75922e+14 0));
    }
    right
    {
        type            calculated;
        value           nonuniform List<vector> 10((0 -4.39805e+13 0) (0 2.19902e+14 0) (0 2.19902e+14 0) (0 -1.75922e+14 0) (0 -1.75922e+14 0) (0 -8.79609e+13 0) (0 -2.63883e+14 0) (0 -4.83785e+14 0) (0 -2.63883e+14 0) (0 1.31941e+14 0));
    }
    top
    {
        type            calculated;
        value           nonuniform List<vector> 10((1.31941e+14 0 0) (-8.79609e+13 0 0) (-1.75922e+14 0 0) (-3.95824e+14 0 0) (-4.39805e+14 0 0) (-2.63883e+14 0 0) (-4.39805e+14 0 0) (-8.79609e+14 0 0) (-7.91648e+14 0 0) (-2.19902e+14 0 0));
    }
    bottom
    {
        type            calculated;
        value           nonuniform List<vector> 10((-2.63883e+14 0 0) (-5.71746e+14 0 0) (-4.39805e+13 0 0) (8.79609e+13 0 0) (-6.15727e+14 0 0) (-5.27766e+14 0 0) (1.31941e+14 0 0) (0 0 0) (1.31941e+14 0 0) (2.19902e+14 0 0));
    }
    defaultFaces
    {
        type            empty;
    }
}


// ************************************************************************* //
