/*--------------------------------*- C++ -*----------------------------------*\
| =========                 |                                                 |
| \\      /  F ield         | OpenFOAM: The Open Source CFD Toolbox           |
|  \\    /   O peration     | Version:  2406                                  |
|   \\  /    A nd           | Website:  www.openfoam.com                      |
|    \\/     M anipulation  |                                                 |
\*---------------------------------------------------------------------------*/
FoamFile
{
    version     2.0;
    format      ascii;
    arch        "LSB;label=32;scalar=64";
    class       volVectorField;
    location    "4.7";
    object      flux;
}
// * * * * * * * * * * * * * * * * * * * * * * * * * * * * * * * * * * * * * //

dimensions      [0 1 -1 1 0 0 0];

internalField   nonuniform List<vector> 
100
(
(-5 -4.375 0)
(-10 0.625 0)
(-1.875 3.125 0)
(0.625 6.25 0)
(-6.25 1.25 0)
(-7.5 0 0)
(-0.625 1.25 0)
(0 0.625 0)
(3.75 0.625 0)
(5 -2.5 0)
(0.625 -8.125 0)
(-2.5 -0.625 0)
(3.125 10 0)
(-0.625 8.125 0)
(-13.75 1.25 0)
(-6.875 -0.625 0)
(0.625 4.375 0)
(-1.25 2.5 0)
(1.25 4.375 0)
(3.125 0.625 0)
(2.5 0 0)
(7.5 2.5 0)
(5.625 5 0)
(-5.625 0.625 0)
(-15.625 1.875 0)
(-5 5 0)
(2.5 1.25 0)
(0.625 0 0)
(1.25 4.375 0)
(0.625 3.75 0)
(3.125 6.875 0)
(3.125 4.375 0)
(1.875 -3.125 0)
(-4.375 -1.875 0)
(-9.375 -1.875 0)
(-7.5 0 0)
(-4.375 -3.125 0)
(0.625 -1.875 0)
(6.25 -0.625 0)
(3.75 -1.25 0)
(0 -1.25 0)
(-3.125 -3.75 0)
(0 -5.625 0)
(-5 -5 0)
(-13.125 -5.625 0)
(-6.25 -1.875 0)
(1.25 -1.875 0)
(3.125 2.5 0)
(1.25 1.875 0)
(-1.25 -6.875 0)
(0.625 -1.25 0)
(-1.25 -0.625 0)
(0 0 0)
(-3.75 -0.625 0)
(-6.25 5 0)
(-3.125 7.5 0)
(-1.25 3.75 0)
(4.375 2.5 0)
(-3.125 0 0)
(-5 -3.75 0)
(0 6.875 0)
(-1.875 8.75 0)
(0.625 7.5 0)
(-0.625 6.25 0)
(-5.625 9.375 0)
(-6.25 6.875 0)
(-3.75 6.25 0)
(-0.625 1.875 0)
(-4.375 0.625 0)
(-5 -1.25 0)
(2.5 6.25 0)
(0 8.75 0)
(-2.5 10.625 0)
(-2.5 5.625 0)
(-5 5 0)
(-6.875 7.5 0)
(-5.625 5.625 0)
(-0.625 3.75 0)
(-6.875 -1.25 0)
(-7.5 -6.875 0)
(3.75 7.5 0)
(2.5 5.625 0)
(-3.75 5.625 0)
(-5.625 5.625 0)
(-4.375 3.125 0)
(-5.625 0.625 0)
(-7.5 3.75 0)
(-6.875 0.625 0)
(-15 -9.375 0)
(-10.625 -5.625 0)
(0 4.375 0)
(-1.875 0.625 0)
(-2.5 0 0)
(-5 1.25 0)
(-8.75 0.625 0)
(-6.875 -3.125 0)
(-6.25 -0.625 0)
(-14.375 -1.875 0)
(-12.5 -6.875 0)
(-3.75 0 0)
)
;

boundaryField
{
    left
    {
        type            calculated;
        value           nonuniform List<vector> 10((0 -4.375 0) (0 -8.125 0) (0 0 0) (0 6.875 0) (0 -1.25 0) (0 -1.25 0) (0 6.875 0) (0 6.25 0) (0 7.5 0) (0 4.375 0));
    }
    right
    {
        type            calculated;
        value           nonuniform List<vector> 10((0 -2.5 0) (0 0.625 0) (0 3.75 0) (0 -1.25 0) (0 -6.875 0) (0 -3.75 0) (0 -1.25 0) (0 -6.875 0) (0 -5.625 0) (0 0 0));
    }
    top
    {
        type            calculated;
        value           nonuniform List<vector> 10((0 0 0) (-1.875 0 0) (-2.5 0 0) (-5 0 0) (-8.75 0 0) (-6.875 0 0) (-6.25 0 0) (-14.375 0 0) (-12.5 0 0) (-3.75 0 0));
    }
    bottom
    {
        type            calculated;
        value           nonuniform List<vector> 10((-5 0 0) (-10 0 0) (-1.875 0 0) (0.625 0 0) (-6.25 0 0) (-7.5 0 0) (-0.625 0 0) (0 0 0) (3.75 0 0) (5 0 0));
    }
    defaultFaces
    {
        type            empty;
    }
}


// ************************************************************************* //
