/*--------------------------------*- C++ -*----------------------------------*\
| =========                 |                                                 |
| \\      /  F ield         | OpenFOAM: The Open Source CFD Toolbox           |
|  \\    /   O peration     | Version:  2406                                  |
|   \\  /    A nd           | Website:  www.openfoam.com                      |
|    \\/     M anipulation  |                                                 |
\*---------------------------------------------------------------------------*/
FoamFile
{
    version     2.0;
    format      ascii;
    arch        "LSB;label=32;scalar=64";
    class       volVectorField;
    location    "3.05";
    object      flux;
}
// * * * * * * * * * * * * * * * * * * * * * * * * * * * * * * * * * * * * * //

dimensions      [0 1 -1 1 0 0 0];

internalField   nonuniform List<vector> 
100
(
(-2.04891e-07 -1.86265e-07 0)
(-3.53903e-07 -5.58794e-08 0)
(0 1.11759e-07 0)
(1.11759e-07 2.23517e-07 0)
(-3.53903e-07 3.72529e-08 0)
(-3.53903e-07 0 0)
(0 5.58794e-08 0)
(-3.72529e-08 3.72529e-08 0)
(1.30385e-07 7.45058e-08 0)
(1.67638e-07 0 0)
(-5.58794e-08 -3.72529e-07 0)
(-7.45058e-08 -1.86265e-08 0)
(2.98023e-07 3.53903e-07 0)
(1.86265e-08 4.09782e-07 0)
(-5.96046e-07 9.31323e-08 0)
(-3.35276e-07 7.45058e-08 0)
(5.58794e-08 1.11759e-07 0)
(0 1.67638e-07 0)
(7.45058e-08 2.04891e-07 0)
(9.31323e-08 3.72529e-08 0)
(1.30385e-07 0 0)
(3.53903e-07 1.30385e-07 0)
(4.65661e-07 2.23517e-07 0)
(-1.49012e-07 1.86265e-08 0)
(-6.89179e-07 7.45058e-08 0)
(-3.1665e-07 2.6077e-07 0)
(7.45058e-08 1.30385e-07 0)
(7.45058e-08 0 0)
(1.86265e-08 1.49012e-07 0)
(-1.86265e-08 1.67638e-07 0)
(1.30385e-07 2.6077e-07 0)
(1.67638e-07 1.49012e-07 0)
(1.30385e-07 -1.11759e-07 0)
(-1.11759e-07 -2.79397e-07 0)
(-3.35276e-07 -1.49012e-07 0)
(-3.35276e-07 0 0)
(-2.04891e-07 -5.58794e-08 0)
(1.86265e-08 -9.31323e-08 0)
(2.42144e-07 5.58794e-08 0)
(1.30385e-07 -5.58794e-08 0)
(-1.86265e-08 -7.45058e-08 0)
(-3.72529e-08 -1.11759e-07 0)
(7.45058e-08 -3.35276e-07 0)
(-1.86265e-07 -2.79397e-07 0)
(-4.28408e-07 -2.98023e-07 0)
(-2.23517e-07 -1.30385e-07 0)
(0 -7.45058e-08 0)
(1.67638e-07 1.86265e-08 0)
(3.72529e-08 5.58794e-08 0)
(-1.49012e-07 -2.79397e-07 0)
(9.31323e-08 -1.30385e-07 0)
(-1.11759e-07 -3.72529e-08 0)
(-3.72529e-08 -1.11759e-07 0)
(-3.72529e-08 0 0)
(-1.86265e-07 1.86265e-07 0)
(-9.31323e-08 2.79397e-07 0)
(-7.45058e-08 1.67638e-07 0)
(1.86265e-07 5.58794e-08 0)
(-7.45058e-08 -1.86265e-08 0)
(-2.04891e-07 -9.31323e-08 0)
(9.31323e-08 2.42144e-07 0)
(-1.86265e-08 3.1665e-07 0)
(9.31323e-08 4.65661e-07 0)
(9.31323e-08 2.79397e-07 0)
(-1.67638e-07 3.1665e-07 0)
(-2.23517e-07 2.79397e-07 0)
(-2.04891e-07 2.04891e-07 0)
(-1.86265e-08 2.04891e-07 0)
(-1.30385e-07 0 0)
(-1.86265e-07 -7.45058e-08 0)
(1.30385e-07 3.91155e-07 0)
(1.30385e-07 4.28408e-07 0)
(-7.45058e-08 5.21541e-07 0)
(-1.86265e-07 2.6077e-07 0)
(-1.67638e-07 2.23517e-07 0)
(-2.42144e-07 2.23517e-07 0)
(-1.49012e-07 1.67638e-07 0)
(-1.86265e-08 2.23517e-07 0)
(-3.53903e-07 -1.49012e-07 0)
(-2.98023e-07 -2.79397e-07 0)
(1.67638e-07 3.35276e-07 0)
(9.31323e-08 1.86265e-07 0)
(-9.31323e-08 1.49012e-07 0)
(-1.86265e-07 1.67638e-07 0)
(-2.23517e-07 1.30385e-07 0)
(-2.6077e-07 -7.45058e-08 0)
(-2.23517e-07 1.30385e-07 0)
(-3.1665e-07 -9.31323e-08 0)
(-5.96046e-07 -4.47035e-07 0)
(-3.35276e-07 -2.42144e-07 0)
(3.72529e-08 1.30385e-07 0)
(-7.45058e-08 3.72529e-08 0)
(-5.58794e-08 -3.72529e-08 0)
(-2.23517e-07 5.58794e-08 0)
(-4.09782e-07 -5.58794e-08 0)
(-2.23517e-07 -1.49012e-07 0)
(-1.86265e-07 0 0)
(-6.14673e-07 -1.30385e-07 0)
(-5.02914e-07 -2.79397e-07 0)
(-7.45058e-08 -1.86265e-08 0)
)
;

boundaryField
{
    left
    {
        type            calculated;
        value           nonuniform List<vector> 10((0 -1.86265e-07 0) (0 -3.72529e-07 0) (0 0 0) (0 2.6077e-07 0) (0 -7.45058e-08 0) (0 -1.30385e-07 0) (0 2.42144e-07 0) (0 3.91155e-07 0) (0 3.35276e-07 0) (0 1.30385e-07 0));
    }
    right
    {
        type            calculated;
        value           nonuniform List<vector> 10((0 0 0) (0 3.72529e-08 0) (0 1.67638e-07 0) (0 -5.58794e-08 0) (0 -2.79397e-07 0) (0 -9.31323e-08 0) (0 -7.45058e-08 0) (0 -2.79397e-07 0) (0 -2.42144e-07 0) (0 -1.86265e-08 0));
    }
    top
    {
        type            calculated;
        value           nonuniform List<vector> 10((3.72529e-08 0 0) (-7.45058e-08 0 0) (-5.58794e-08 0 0) (-2.23517e-07 0 0) (-4.09782e-07 0 0) (-2.23517e-07 0 0) (-1.86265e-07 0 0) (-6.14673e-07 0 0) (-5.02914e-07 0 0) (-7.45058e-08 0 0));
    }
    bottom
    {
        type            calculated;
        value           nonuniform List<vector> 10((-2.04891e-07 0 0) (-3.53903e-07 0 0) (0 0 0) (1.11759e-07 0 0) (-3.53903e-07 0 0) (-3.53903e-07 0 0) (0 0 0) (-3.72529e-08 0 0) (1.30385e-07 0 0) (1.67638e-07 0 0));
    }
    defaultFaces
    {
        type            empty;
    }
}


// ************************************************************************* //
