/*--------------------------------*- C++ -*----------------------------------*\
| =========                 |                                                 |
| \\      /  F ield         | OpenFOAM: The Open Source CFD Toolbox           |
|  \\    /   O peration     | Version:  v2012                                 |
|   \\  /    A nd           | Website:  www.openfoam.com                      |
|    \\/     M anipulation  |                                                 |
\*---------------------------------------------------------------------------*/
FoamFile
{
    version     2.0;
    format      ascii;
    class       volScalarField;
    location    "0.7";
    object      gradTx;
}
// * * * * * * * * * * * * * * * * * * * * * * * * * * * * * * * * * * * * * //

dimensions      [0 -1 0 1 0 0 0];


internalField   nonuniform List<scalar> 
5000
(
0
0
0
1.60301e-11
1.09005e-10
-2.24422e-11
-9.29747e-11
6.41205e-12
-2.24422e-11
0
6.41205e-12
-6.41205e-12
-6.41205e-12
2.24422e-11
1.92361e-11
-2.24422e-11
-1.92361e-11
0
0
4.48843e-11
0
-2.56482e-11
3.20602e-12
-1.60301e-11
-6.41205e-12
0
0
1.15417e-10
0
-1.15417e-10
1.28241e-11
0
-1.28241e-11
1.15417e-10
9.61807e-12
-8.97687e-11
0
0
0
8.97687e-11
1.28241e-11
-1.15417e-10
-2.88542e-11
0
6.41205e-12
2.24422e-11
0
-2.24422e-11
0
0
0
0
0
0
0
0
2.24422e-11
0
-2.24422e-11
0
0
0
8.65626e-11
6.41205e-12
-9.29747e-11
0
0
1.15417e-10
0
-2.88542e-11
8.97687e-11
-6.73265e-11
-6.41205e-11
-1.60301e-11
-1.60301e-11
-6.41205e-12
1.60301e-11
1.28241e-11
6.09145e-11
-9.61807e-12
-8.65626e-11
-6.41205e-12
2.56482e-11
2.56482e-11
-9.61807e-12
0
7.37385e-11
6.41205e-12
-9.29747e-11
-2.24422e-11
0
0
0
2.24422e-11
1.28241e-11
-2.24422e-11
-1.28241e-11
2.24422e-11
2.24422e-11
0
6.5034e-12
1.95102e-10
1.00803e-10
2.27619e-11
-6.82857e-11
-1.59333e-10
-2.92653e-11
1.59333e-10
-9.75509e-12
-1.75592e-10
3.2517e-11
1.82095e-10
-3.90204e-11
-4.55238e-11
6.5034e-12
-1.78843e-10
1.10558e-10
3.2517e-12
-1.00803e-10
6.5034e-12
-6.5034e-12
-1.30068e-11
1.10558e-10
3.2517e-12
-1.07306e-10
-6.5034e-12
8.12924e-11
1.30068e-10
-8.45441e-11
-4.55238e-11
0
-8.12924e-11
0
1.78843e-10
7.80408e-11
-1.75592e-10
6.5034e-12
-6.5034e-12
4.55238e-11
1.30068e-10
-1.30068e-10
-1.26816e-10
8.77958e-11
-6.5034e-12
-8.12924e-11
1.7234e-10
0
-1.7234e-10
0
0
0
0
0
1.95102e-11
0
-1.95102e-11
-3.2517e-12
-6.5034e-12
0
2.27619e-11
6.17823e-11
-2.27619e-11
-6.17823e-11
0
6.5034e-12
2.27619e-11
0
-2.27619e-11
-6.5034e-12
0
0
1.82095e-10
0
-1.7234e-10
1.95102e-11
0
-2.27619e-11
-6.5034e-12
2.27619e-11
1.82095e-10
-2.27619e-11
-1.75592e-10
-6.5034e-12
6.17823e-11
1.82095e-10
0
-1.59333e-10
1.20313e-10
-2.27619e-11
-1.82095e-10
6.5034e-12
2.27619e-11
3.90204e-11
1.5283e-10
1.82095e-10
-1.82095e-10
-2.14612e-10
0
3.2517e-12
1.30068e-11
-3.29802e-12
-1.31921e-11
0
6.59605e-12
-6.59605e-12
-6.59605e-12
0
0
0
0
0
0
6.59605e-12
0
0
0
-6.59605e-12
0
0
6.59605e-12
0
-6.59605e-12
0
0
6.59605e-12
0
-6.59605e-12
0
0
0
0
0
0
0
0
0
0
0
0
0
0
0
0
0
0
0
0
0
0
0
0
0
0
0
0
0
0
0
0
0
0
0
0
0
0
0
2.30862e-11
8.57486e-11
-2.30862e-11
-8.57486e-11
0
0
0
0
0
0
0
6.26624e-11
1.08835e-10
-6.26624e-11
-1.08835e-10
0
3.95763e-11
2.30862e-11
-3.95763e-11
-2.30862e-11
0
0
0
0
0
0
0
0
0
0
0
0
0
0
1.0035e-11
0
0
0
-1.0035e-11
3.34501e-12
6.69002e-12
-6.69002e-12
6.69002e-12
0
2.34151e-11
0
-3.34501e-11
3.34501e-12
6.69002e-12
0
1.6725e-11
0
-2.34151e-11
0
6.69002e-12
-6.69002e-12
0
6.69002e-12
0
0
-6.69002e-12
0
6.69002e-12
-6.69002e-12
0
6.69002e-12
0
1.0035e-11
-3.34501e-12
-1.338e-11
6.69002e-12
0
0
0
0
0
0
-6.69002e-12
0
0
-1.6725e-11
6.69002e-12
3.34501e-11
0
-1.6725e-11
6.69002e-12
0
0
0
3.34501e-12
0
-3.34501e-12
0
0
0
-6.69002e-12
0
6.69002e-12
0
0
0
-1.338e-11
0
1.338e-11
0
-6.69002e-12
6.69002e-12
0
-6.69002e-12
0
0
6.69002e-12
0
-6.69002e-12
0
-6.69002e-12
6.69002e-12
6.69002e-12
0
0
0
0
0
0
-6.69002e-12
-6.69002e-12
-3.34501e-12
3.34501e-12
0
-3.34501e-12
0
3.34501e-12
1.338e-11
3.34501e-12
1.5267e-10
6.44606e-11
0
8.82092e-11
-3.73193e-11
8.48166e-11
-9.16019e-11
-2.1713e-10
2.1713e-10
0
-2.34094e-10
0
1.69633e-11
9.16019e-11
-3.39266e-12
-5.42826e-11
9.83872e-11
0
-1.15351e-10
-5.42826e-11
1.69633e-11
-6.78532e-12
-1.0178e-11
0
-6.78532e-12
0
0
9.16019e-11
0
-8.14239e-11
-3.39266e-12
-6.78532e-12
6.78532e-12
0
-6.78532e-12
0
0
6.78532e-12
0
0
3.39266e-12
2.34094e-10
-6.78532e-12
-2.37486e-10
0
0
0
3.39266e-11
1.15351e-10
-1.35706e-11
-1.11958e-10
-2.37486e-11
2.37486e-11
2.0356e-11
0
0
-2.0356e-11
-2.37486e-11
6.78532e-12
0
-6.78532e-12
0
0
5.76753e-11
9.16019e-11
0
-8.82092e-11
-3.39266e-11
-3.39266e-12
-2.37486e-11
0
0
0
0
6.78532e-12
0
-2.37486e-11
0
1.69633e-11
0
2.37486e-11
0
-2.37486e-11
0
-1.0178e-11
-1.35706e-11
0
1.35706e-11
2.71413e-11
6.78532e-12
-1.69633e-11
-6.78532e-12
6.78532e-12
0
-6.78532e-12
0
0
-6.78532e-12
0
6.78532e-12
3.441e-12
6.88199e-12
0
0
-1.7205e-11
0
1.7205e-11
-3.441e-11
-6.88199e-12
4.12919e-11
0
-1.7205e-11
-4.12919e-11
1.7205e-11
3.441e-11
6.88199e-12
-1.7205e-11
0
-2.4087e-11
0
3.441e-11
6.88199e-12
0
0
-4.12919e-11
6.88199e-12
0
0
3.441e-11
-3.441e-11
-6.88199e-12
6.88199e-12
-4.12919e-11
4.12919e-11
0
0
0
-6.88199e-12
6.88199e-12
0
3.441e-11
-3.441e-11
-6.88199e-12
4.12919e-11
-4.12919e-11
6.88199e-12
0
-4.12919e-11
0
0
0
0
4.12919e-11
0
-4.12919e-11
3.0969e-11
3.441e-12
-3.441e-11
4.12919e-11
0
-4.12919e-11
3.0969e-11
3.441e-11
0
3.441e-12
-2.7528e-11
0
2.7528e-11
-3.441e-11
0
3.441e-11
0
6.88199e-12
0
-3.441e-11
0
3.441e-11
-6.88199e-12
0
6.88199e-12
0
-3.441e-11
0
-6.88199e-12
-3.441e-11
4.12919e-11
0
-4.12919e-11
4.12919e-11
-6.88199e-12
6.88199e-12
-8.94659e-11
-6.88199e-12
1.23876e-10
6.88199e-12
-6.88199e-12
0
6.88199e-12
0
0
3.49002e-12
6.98003e-12
-6.98003e-12
-3.49002e-12
1.04701e-11
0
-1.04701e-11
3.49002e-12
1.39601e-11
-6.98003e-12
0
6.98003e-12
-3.49002e-11
-6.98003e-12
2.44301e-11
0
1.04701e-11
0
-1.04701e-11
0
3.49002e-12
6.98003e-12
-6.98003e-12
-1.39601e-11
0
1.04701e-11
0
0
0
0
0
0
-1.04701e-11
0
0
-1.39601e-10
1.39601e-11
1.36111e-10
0
0
-1.74501e-11
-4.18802e-11
1.39601e-11
4.53702e-11
0
3.49002e-12
-3.83902e-11
-6.98003e-12
4.18802e-11
-1.04701e-11
-1.39601e-10
1.39601e-11
1.36111e-10
-4.53702e-11
-1.32621e-10
4.53702e-11
1.32621e-10
-6.98003e-12
-3.83902e-11
1.04701e-11
3.83902e-11
-3.49002e-12
-1.36111e-10
0
1.36111e-10
0
0
0
-1.36111e-10
0
1.36111e-10
0
-1.32621e-10
-1.04701e-11
1.36111e-10
6.98003e-12
0
-1.36111e-10
0
1.29131e-10
-3.49002e-11
6.98003e-12
3.49002e-11
0
-1.36111e-10
-1.39601e-11
1.39601e-10
1.04701e-11
0
0
-6.98003e-12
6.98003e-12
1.04701e-11
-6.98003e-12
-3.49002e-12
0
-1.36111e-10
0
1.29131e-10
-3.49002e-12
-3.53974e-12
0
3.53974e-12
0
0
-1.41589e-11
0
1.41589e-11
0
-3.53974e-12
0
3.53974e-12
-1.41589e-11
3.53974e-12
0
-2.12384e-11
1.06192e-11
1.76987e-11
0
0
3.53974e-12
-1.41589e-11
0
1.06192e-11
0
3.53974e-12
0
0
0
0
0
0
0
0
-1.41589e-11
0
1.41589e-11
0
-1.41589e-11
0
1.06192e-11
0
3.53974e-12
0
0
0
0
0
0
-1.41589e-11
0
0
-1.76987e-11
1.76987e-11
1.41589e-11
0
0
0
-1.41589e-11
0
1.41589e-11
0
0
-1.41589e-11
0
1.41589e-11
-1.41589e-11
-1.41589e-11
-1.73447e-10
1.06192e-11
1.80527e-10
-1.76987e-11
1.41589e-11
1.41589e-11
0
-4.60166e-11
-1.06192e-11
4.24768e-11
1.06192e-11
3.53974e-12
0
-1.06192e-11
-3.89371e-11
3.53974e-12
3.18576e-11
0
-1.41589e-11
-1.73447e-10
2.12384e-11
1.76987e-10
3.53974e-12
-1.41589e-11
-6.37153e-11
1.76987e-11
4.95563e-11
-1.06192e-11
-1.69907e-10
1.76987e-11
1.73447e-10
0
-2.62082e-10
-4.3082e-11
1.79508e-10
-3.94918e-11
-2.87213e-11
7.53935e-11
1.07705e-10
-9.69345e-11
-1.07705e-10
-7.53935e-11
-3.59017e-12
1.79508e-10
6.82131e-11
-2.65672e-10
3.94918e-11
2.2618e-10
-1.11295e-10
4.3082e-11
6.82131e-11
-1.11295e-10
-6.4623e-11
6.82131e-11
6.82131e-11
0
3.59017e-11
2.87213e-11
-9.69345e-11
0
0
1.07705e-11
9.69345e-11
-1.07705e-11
0
-2.1182e-10
0
2.1541e-10
0
1.43607e-11
0
-2.2259e-10
0
2.0823e-10
-1.07705e-10
1.79508e-11
9.69345e-11
-2.2618e-10
0
2.2618e-10
-9.69345e-11
0
1.14885e-10
0
-1.14885e-10
0
8.97541e-11
-1.43607e-11
3.59017e-12
1.07705e-11
-1.40016e-10
0
1.54377e-10
3.59017e-12
0
0
-1.79508e-11
7.18033e-12
3.23115e-11
-3.59017e-12
-2.87213e-11
7.18033e-12
0
-2.1182e-10
0
1.97459e-10
1.79508e-11
7.18033e-12
-7.18033e-12
7.18033e-12
-1.07705e-10
-7.18033e-12
8.97541e-11
0
1.79508e-11
-1.54377e-10
-1.07705e-11
-1.79508e-11
7.18033e-12
1.75918e-10
0
0
-3.59017e-12
0
3.59017e-12
7.18033e-12
1.43607e-11
-3.59017e-12
-1.79508e-11
0
0
0
0
0
0
0
0
0
0
0
0
0
3.64131e-12
0
-3.64131e-12
0
3.64131e-12
3.64131e-11
0
-4.00544e-11
0
1.09239e-11
0
-7.28263e-12
0
-3.64131e-12
0
0
0
0
0
0
0
0
0
0
0
0
0
0
0
0
0
0
1.09239e-11
0
-1.09239e-11
0
0
0
0
0
0
0
0
0
0
0
0
0
0
0
1.09239e-11
0
0
0
-1.09239e-11
0
1.09239e-11
0
-1.09239e-11
0
3.64131e-12
7.28263e-12
-7.28263e-12
-3.64131e-12
0
0
0
0
2.03914e-10
0
-2.03914e-10
0
0
0
0
0
0
0
0
0
3.64131e-12
0
-3.64131e-12
0
1.45653e-11
0
-3.64131e-12
2.18479e-11
-3.64131e-12
-1.82066e-11
0
7.38638e-12
0
-2.21591e-11
1.10796e-11
-2.21591e-11
-1.10796e-11
4.43183e-11
-2.21591e-11
0
3.32387e-11
1.10796e-11
-3.32387e-11
-7.38638e-12
3.69319e-11
3.69319e-12
0
-3.32387e-11
-3.32387e-11
2.21591e-11
-7.38638e-12
-1.47728e-11
3.32387e-11
3.32387e-11
-3.32387e-11
0
0
-3.32387e-11
-2.58523e-11
1.84659e-11
2.21591e-11
1.84659e-11
1.84659e-11
-3.69319e-11
0
3.69319e-11
3.69319e-12
0
-3.69319e-12
-1.47728e-11
-6.27842e-11
1.84659e-11
7.38638e-11
-5.53978e-11
-1.84659e-11
4.43183e-11
-6.27842e-11
-1.47728e-11
7.38638e-11
3.32387e-11
-3.32387e-11
-3.32387e-11
0
0
0
1.10796e-11
3.32387e-11
-1.10796e-11
0
2.21591e-11
-3.32387e-11
1.10796e-11
3.32387e-11
0
0
0
0
-2.21591e-11
0
-1.10796e-11
-1.10796e-11
3.32387e-11
1.10796e-11
-1.47728e-11
-3.69319e-11
1.84659e-11
3.32387e-11
-3.32387e-11
-1.10796e-11
3.32387e-11
1.10796e-11
0
-3.32387e-11
0
2.21591e-11
0
0
-3.32387e-11
4.06251e-11
2.21591e-11
-2.95455e-11
4.06251e-11
-2.21591e-11
-2.95455e-11
-1.10796e-11
0
3.32387e-11
-1.10796e-11
-3.32387e-11
-2.21591e-11
-2.24748e-11
-1.49832e-11
0
-1.12374e-11
2.24748e-11
-9.36451e-11
-5.6187e-11
8.98993e-11
4.86954e-11
-7.49161e-11
-1.8729e-11
9.73909e-11
0
-2.99664e-11
0
1.49832e-11
-2.62206e-11
2.99664e-11
4.49496e-11
0
-1.08628e-10
0
1.04882e-10
3.7458e-12
-2.62206e-11
-4.12038e-11
4.12038e-11
1.12374e-11
-2.24748e-11
2.24748e-11
-1.12374e-11
-1.8729e-11
3.37122e-11
-3.7458e-12
-5.99328e-11
7.49161e-12
4.49496e-11
0
0
-2.62206e-11
-2.99664e-11
2.24748e-11
4.12038e-11
-7.49161e-12
-3.37122e-11
7.49161e-12
3.37122e-11
-1.12374e-11
-2.99664e-11
0
-1.12374e-11
2.99664e-11
-1.8729e-11
-2.99664e-11
4.12038e-11
1.12374e-11
1.12374e-11
-6.36786e-11
-1.12374e-11
-4.49496e-11
-3.7458e-12
7.11703e-11
1.8729e-11
-2.99664e-11
-1.12374e-11
7.11703e-11
-1.8729e-11
-1.12374e-11
1.8729e-11
3.7458e-12
-1.49832e-11
1.49832e-11
4.12038e-11
0
-5.6187e-11
-1.8729e-11
4.12038e-11
-4.12038e-11
0
5.6187e-11
1.12374e-11
-1.49832e-11
-5.24412e-11
1.12374e-11
-2.99664e-11
-1.12374e-11
4.86954e-11
1.12374e-11
-4.86954e-11
-1.12374e-11
-4.86954e-11
3.7458e-12
0
-1.49832e-11
1.12374e-10
-7.86619e-11
-7.49161e-12
9.73909e-11
7.49161e-12
3.7458e-12
0
0
-3.79917e-12
-7.59833e-12
0
-1.13975e-11
7.59833e-12
1.51967e-11
-3.79917e-12
0
-7.59833e-12
-1.13975e-11
1.89958e-11
3.79917e-12
-3.79917e-12
0
3.79917e-12
-1.51967e-11
0
1.51967e-11
-3.79917e-12
0
0
-1.89958e-11
0
-2.65942e-11
-1.89958e-11
3.41925e-11
0
-3.79917e-12
2.2795e-11
0
-5.31883e-11
-1.13975e-11
0
2.2795e-11
5.31883e-11
3.79917e-12
0
-3.41925e-11
-4.559e-11
3.03933e-11
2.65942e-11
0
2.2795e-11
-4.559e-11
0
4.17908e-11
-4.559e-11
-1.89958e-11
4.559e-11
0
0
1.89958e-11
0
-1.13975e-11
-1.89958e-11
1.13975e-11
1.89958e-11
-1.89958e-11
-1.51967e-11
2.2795e-11
1.51967e-11
0
-3.79917e-12
0
-1.13975e-11
-1.89958e-11
1.13975e-11
1.89958e-11
-1.89958e-11
0
1.13975e-11
0
-1.51967e-11
1.13975e-11
1.51967e-11
-1.51967e-11
-1.13975e-11
1.51967e-11
-1.13975e-11
0
1.13975e-11
0
7.59833e-12
3.79917e-12
-3.79917e-12
0
-1.13975e-11
-2.2795e-11
1.13975e-11
1.51967e-11
-3.41925e-11
-1.51967e-11
3.79917e-11
7.59833e-12
-1.13975e-11
1.51967e-11
0
-3.79917e-12
-6.16527e-11
-6.16527e-11
-2.9285e-10
-1.81105e-10
5.77994e-11
0
0
0
5.00928e-11
-5.00928e-11
-5.00928e-11
-5.77994e-11
1.65692e-10
2.15784e-10
0
1.54132e-11
-2.73584e-10
-2.31197e-10
2.73584e-10
2.15784e-10
0
0
0
0
-2.73584e-10
-4.62395e-11
1.81105e-10
-1.81105e-10
9.2479e-11
3.50649e-10
7.70658e-12
-3.77623e-10
0
2.00371e-10
-4.62395e-11
1.65692e-10
4.62395e-11
-1.42572e-10
-3.85329e-11
-2.11931e-10
4.62395e-11
3.0441e-10
-2.77437e-10
-3.46796e-10
2.6973e-11
3.66063e-10
2.42757e-10
-1.15599e-11
1.15599e-10
-9.63323e-11
-1.19452e-10
1.46425e-10
-1.54132e-11
-2.23491e-10
-6.5506e-11
2.08078e-10
7.32125e-11
-1.61838e-10
-7.70658e-11
1.65692e-10
1.92665e-10
0
-1.92665e-10
-1.65692e-10
2.15784e-10
1.73398e-10
3.85329e-12
0
-1.46425e-10
-1.04039e-10
1.50278e-10
-5.39461e-11
-1.23305e-10
2.31197e-11
1.23305e-10
1.31012e-10
1.15599e-11
-3.85329e-12
0
3.85329e-12
-1.15599e-11
-1.54132e-10
-3.85329e-12
1.57985e-10
1.15599e-11
-1.15599e-11
-1.77251e-10
-1.46425e-10
1.77251e-10
1.34865e-10
7.70658e-12
-2.62024e-10
-5.77994e-11
2.73584e-10
5.77994e-11
-3.46796e-11
3.85329e-12
-2.38904e-10
0
2.73584e-10
0
0
0
0
0
1.56327e-11
0
0
1.95409e-11
-7.81637e-12
-1.56327e-11
-1.17246e-11
1.17246e-11
0
0
0
-1.17246e-11
1.17246e-11
-3.90819e-12
-1.95409e-11
7.81637e-12
1.56327e-11
2.34491e-11
-1.17246e-11
-2.34491e-11
0
0
7.81637e-12
-7.81637e-12
-1.17246e-11
-3.90819e-12
1.17246e-11
3.90819e-12
0
0
1.17246e-11
1.17246e-11
-1.56327e-11
-7.81637e-12
-1.17246e-11
0
1.17246e-11
-3.90819e-12
-1.17246e-11
3.90819e-12
1.17246e-11
-3.90819e-11
-2.73573e-11
3.90819e-11
2.73573e-11
0
0
0
0
7.81637e-12
1.56327e-11
-1.17246e-11
-1.17246e-11
0
-3.90819e-12
1.95409e-11
-7.81637e-12
-1.17246e-11
3.90819e-12
-3.90819e-12
3.90819e-12
0
1.56327e-11
7.81637e-12
-3.51737e-11
-3.90819e-12
1.56327e-11
-7.81637e-11
0
7.42555e-11
-2.34491e-11
1.17246e-11
4.29901e-11
-3.90819e-12
-1.56327e-11
1.56327e-11
-1.17246e-11
-1.17246e-11
0
-1.17246e-11
7.81637e-12
0
1.17246e-11
2.73573e-11
-1.17246e-11
-2.34491e-11
0
1.56327e-11
0
-5.08064e-11
0
4.29901e-11
0
-1.17246e-11
-1.17246e-11
-1.18916e-11
-1.58555e-11
-1.18916e-11
7.92773e-12
3.96386e-12
0
0
1.58555e-11
1.98193e-11
-7.92773e-12
-2.37832e-11
0
2.37832e-11
-6.73857e-11
0
7.53134e-11
0
-1.98193e-11
-1.10988e-10
-1.50627e-10
1.10988e-10
1.62518e-10
7.92773e-12
-1.18916e-11
-2.7747e-11
3.96386e-12
-5.54941e-11
-7.13496e-11
7.53134e-11
5.15302e-11
3.96386e-12
-5.15302e-11
-7.92773e-12
5.9458e-11
7.92773e-12
3.96386e-12
-1.58555e-11
0
1.58555e-11
-6.34218e-11
-3.96386e-12
6.73857e-11
0
0
-7.13496e-11
-1.10988e-10
7.53134e-11
9.11689e-11
0
2.7747e-11
7.92773e-12
0
-1.98193e-11
0
1.18916e-11
-2.7747e-11
3.96386e-12
3.17109e-11
-1.98193e-11
-9.11689e-11
1.98193e-11
8.32411e-11
-1.58555e-11
0
1.58555e-11
7.92773e-12
-1.98193e-11
-3.96386e-12
2.7747e-11
3.96386e-12
-1.58555e-11
0
0
-3.96386e-12
-1.18916e-11
0
1.58555e-11
0
-3.96386e-12
-2.37832e-11
-1.58555e-11
1.98193e-11
1.18916e-11
0
-7.13496e-11
0
8.32411e-11
-1.58555e-11
3.96386e-12
1.18916e-11
0
7.92773e-12
-2.37832e-11
0
2.37832e-11
-1.18916e-11
-1.98193e-11
1.18916e-11
1.18916e-11
-3.96386e-12
0
0
-4.02033e-12
0
8.04067e-12
8.04067e-12
0
-6.43254e-11
-1.96996e-10
-2.4122e-11
2.05037e-10
-2.81423e-11
-1.2061e-11
1.04529e-10
-5.22644e-11
4.02033e-12
4.02033e-11
-1.68854e-10
2.01017e-11
1.64834e-10
0
0
-8.04067e-12
-8.04067e-12
8.04067e-12
4.02033e-12
0
-1.2061e-11
8.04067e-12
2.01017e-11
-1.2061e-11
-4.02033e-12
4.02033e-12
-1.96996e-10
4.02033e-12
2.01017e-10
0
4.02033e-12
0
-2.05037e-10
-4.02033e-12
1.96996e-10
-5.62847e-11
-8.4427e-11
4.02033e-11
6.83457e-11
2.4122e-11
2.01017e-11
-4.02033e-12
0
-8.04067e-12
-8.04067e-12
0
0
8.04067e-12
-4.8244e-11
-1.2061e-11
6.0305e-11
-7.63864e-11
-1.2061e-11
8.04067e-11
8.04067e-12
-7.63864e-11
-8.84474e-11
8.04067e-11
7.63864e-11
8.04067e-12
1.2061e-11
8.04067e-12
-2.01017e-11
-1.60813e-11
1.60813e-11
0
0
-7.2366e-11
-1.2061e-11
7.63864e-11
-8.04067e-12
0
0
-1.64834e-10
0
1.80915e-10
0
0
1.2061e-11
0
-1.2061e-11
-8.04067e-12
-8.04067e-11
0
8.84474e-11
-1.68854e-10
-1.2061e-11
1.64834e-10
0
8.04067e-12
0
8.04067e-12
1.2061e-11
0
0
8.15522e-12
1.22328e-11
-4.07761e-12
0
-1.22328e-11
0
4.07761e-12
-8.15522e-12
0
4.07761e-12
1.22328e-11
0
0
4.07761e-12
0
0
-4.07761e-12
-1.63104e-11
4.07761e-12
1.63104e-11
-1.63104e-11
4.07761e-12
2.44657e-11
-4.07761e-12
-2.03881e-11
0
1.22328e-11
0
0
-1.22328e-11
-8.15522e-12
8.15522e-12
0
0
1.22328e-11
8.15522e-12
0
-8.15522e-12
8.15522e-12
0
-2.03881e-11
0
2.85433e-11
1.22328e-11
-1.22328e-11
-8.15522e-12
-8.15522e-12
0
8.15522e-12
-1.22328e-11
0
1.63104e-11
-4.07761e-12
-8.15522e-12
8.15522e-12
0
-8.15522e-12
0
0
0
-1.22328e-11
0
2.03881e-11
4.07761e-12
-4.07761e-12
-8.15522e-12
8.15522e-12
0
-8.15522e-12
8.15522e-12
0
-2.03881e-11
0
1.22328e-11
0
0
8.15522e-12
4.07761e-12
-4.07761e-12
-2.03881e-11
8.15522e-12
1.22328e-11
0
4.07761e-12
-1.63104e-11
-8.15522e-12
2.03881e-11
0
-8.15522e-12
0
8.15522e-12
4.07761e-12
0
-4.07761e-12
-2.03881e-11
-8.15522e-12
1.63104e-11
1.63104e-11
0
0
0
0
0
0
0
0
0
-4.1357e-12
4.1357e-12
0
0
0
0
0
0
0
0
0
0
0
0
0
4.1357e-12
0
0
0
-4.1357e-12
0
0
0
0
0
0
-1.24071e-11
0
0
0
1.24071e-11
4.1357e-12
0
-4.1357e-12
0
4.1357e-12
0
-4.1357e-12
0
0
-1.24071e-11
0
1.24071e-11
0
-4.1357e-12
4.1357e-12
0
0
0
0
0
0
0
0
0
0
0
0
0
0
0
-4.1357e-12
4.1357e-12
0
0
-4.1357e-12
-8.2714e-12
-4.1357e-12
4.1357e-12
8.2714e-12
4.1357e-12
0
0
-1.24071e-11
0
0
0
0
0
1.24071e-11
0
-1.24071e-11
0
1.158e-10
4.1357e-12
-1.07528e-10
-4.1357e-12
-8.2714e-12
-4.1357e-12
4.1357e-12
1.24071e-11
0
0
0
0
0
0
0
4.19462e-12
0
-4.19462e-12
0
0
4.19462e-12
0
0
-4.19462e-12
-8.38924e-12
1.25839e-11
0
-1.25839e-11
0
0
8.38924e-12
0
0
0
4.19462e-12
0
-4.19462e-12
4.19462e-12
0
0
0
0
-1.25839e-11
8.38924e-12
0
0
4.19462e-12
-1.25839e-11
8.38924e-12
8.38924e-12
-4.19462e-12
0
4.19462e-12
-4.19462e-12
0
4.19462e-12
-4.19462e-12
0
0
-1.25839e-11
0
0
8.38924e-12
4.19462e-12
-4.19462e-12
4.19462e-12
-4.19462e-12
0
0
-8.38924e-12
8.38924e-12
4.19462e-12
-4.19462e-12
-8.38924e-12
0
0
8.38924e-12
4.19462e-12
0
-4.19462e-12
4.19462e-12
-4.19462e-12
0
0
0
0
0
0
0
-8.38924e-12
0
0
0
8.38924e-12
-8.38924e-12
-4.19462e-12
4.19462e-12
0
0
1.25839e-11
0
-1.25839e-11
-4.19462e-12
-1.04866e-10
8.38924e-12
2.43288e-10
4.19462e-12
-1.30033e-10
0
8.50876e-12
0
0
0
-8.50876e-12
1.70175e-11
8.50876e-12
-8.50876e-12
0
8.50876e-12
8.50876e-12
-4.25438e-12
-1.27631e-11
0
8.50876e-12
-8.50876e-12
-8.50876e-12
-8.50876e-12
0
1.27631e-11
0
-1.27631e-11
0
1.27631e-11
1.27631e-11
0
-1.27631e-11
-1.27631e-11
1.27631e-11
1.27631e-11
0
0
-1.27631e-11
-1.27631e-11
0
8.50876e-12
4.25438e-12
0
-1.27631e-11
1.27631e-11
4.25438e-12
-8.50876e-12
4.25438e-12
0
-4.25438e-12
-8.50876e-12
1.27631e-11
4.25438e-12
-4.25438e-12
-4.25438e-12
-8.50876e-12
0
1.27631e-11
1.27631e-11
-1.27631e-11
0
1.27631e-11
-8.50876e-12
-8.50876e-12
-8.50876e-12
0
8.50876e-12
0
-8.50876e-12
1.27631e-11
1.27631e-11
-1.27631e-11
-1.27631e-11
1.27631e-11
0
0
0
-4.25438e-12
4.25438e-12
-4.25438e-12
-8.50876e-12
1.27631e-11
0
0
0
-4.25438e-12
0
0
1.27631e-10
-4.25438e-12
-1.31886e-10
8.50876e-12
0
0
8.50876e-12
0
-4.25438e-12
0
4.25438e-12
-4.25438e-12
-4.25438e-12
8.50876e-12
0
-4.25438e-12
0
0
-4.31499e-12
0
4.31499e-12
0
-4.31499e-12
0
4.31499e-12
-4.31499e-12
0
4.31499e-12
0
-4.31499e-12
4.31499e-12
0
0
0
0
-1.2945e-11
-4.31499e-12
1.2945e-11
4.31499e-12
-4.31499e-12
0
-8.62998e-12
1.2945e-11
4.31499e-12
-8.62998e-12
-8.62998e-12
8.62998e-12
4.31499e-12
0
1.2945e-11
-8.62998e-12
-1.726e-11
8.62998e-12
0
0
4.31499e-12
2.15749e-11
-4.31499e-12
-2.15749e-11
2.58899e-11
0
-2.15749e-11
0
0
2.15749e-11
0
-2.58899e-11
-8.62998e-12
8.62998e-12
0
0
4.31499e-12
-4.31499e-12
0
4.31499e-12
4.31499e-12
-8.62998e-12
-8.62998e-12
8.62998e-12
4.31499e-12
-4.31499e-12
-8.62998e-12
8.62998e-12
8.62998e-12
-4.31499e-12
-4.31499e-12
4.31499e-12
0
0
0
4.31499e-12
-4.31499e-12
0
-4.31499e-12
8.62998e-12
1.81229e-10
2.80474e-10
-1.76915e-10
-2.76159e-10
0
-1.2945e-11
0
0
0
4.31499e-12
8.62998e-12
-1.2945e-11
0
4.31499e-12
0
-8.62998e-12
0
4.31499e-12
0
0
0
0
-1.75058e-11
-1.75058e-11
4.37646e-12
1.31294e-11
1.75058e-11
-1.31294e-11
-2.18823e-11
1.13788e-10
3.93881e-11
-1.09412e-10
-2.18823e-11
1.31294e-11
-1.31294e-11
0
0
-1.31294e-11
0
1.31294e-11
1.26917e-10
0
-1.26917e-10
1.00659e-10
0
9.19057e-11
1.44423e-10
0
4.81411e-11
-1.92564e-10
-1.92564e-10
0
0
0
-1.31294e-11
-4.37646e-12
-4.37646e-12
2.93223e-10
1.70682e-10
0
-1.70682e-10
-8.75292e-11
4.37646e-12
0
0
0
-4.37646e-12
-1.96941e-10
1.31294e-11
0
1.57553e-10
8.75292e-12
1.18164e-10
1.00659e-10
-1.18164e-10
0
-1.70682e-10
-1.09412e-10
1.31294e-11
0
0
0
0
0
0
0
0
0
0
1.57553e-10
2.8447e-10
1.26917e-10
-1.26917e-10
-1.18164e-10
1.18164e-10
1.26917e-10
5.6894e-11
0
-5.6894e-11
0
-2.97599e-10
-2.93223e-10
4.37646e-12
1.70682e-10
2.88846e-10
-1.57553e-10
-1.83811e-10
1.61929e-10
1.79435e-10
-1.57553e-10
-1.83811e-10
1.66306e-10
1.75058e-10
-1.57553e-10
-2.88846e-10
2.8447e-10
2.88846e-10
-1.26917e-10
-1.18164e-10
1.57553e-10
1.66306e-10
0
-4.43881e-12
-8.87762e-12
4.43881e-12
1.77552e-11
1.77552e-11
-8.87762e-12
-1.77552e-11
8.87762e-12
0
0
0
-8.87762e-12
1.77552e-11
0
-1.77552e-11
-4.43881e-12
0
2.2194e-11
0
0
1.77552e-11
-8.87762e-12
-8.87762e-12
0
0
8.87762e-12
-1.33164e-11
1.33164e-11
0
0
8.87762e-12
-1.77552e-11
-1.77552e-11
-4.43881e-12
0
1.33164e-11
0
0
0
8.87762e-12
1.77552e-11
0
-1.77552e-11
-8.87762e-12
0
0
0
0
1.77552e-11
8.87762e-12
-1.77552e-11
0
0
0
-4.43881e-12
0
4.43881e-12
-1.77552e-11
0
1.77552e-11
1.77552e-11
0
0
0
0
-1.77552e-11
-1.77552e-11
0
2.66329e-11
0
-2.66329e-11
1.77552e-11
2.2194e-11
0
-4.43881e-12
0
0
-1.77552e-11
-1.77552e-11
-4.43881e-12
-4.43881e-12
8.87762e-12
8.87762e-12
1.77552e-11
1.33164e-11
-4.43881e-12
0
-1.77552e-11
0
0
-1.77552e-11
0
1.77552e-11
2.2194e-11
8.87762e-12
-2.2194e-11
2.44135e-10
1.77552e-11
-2.53012e-10
9.00409e-12
-9.00409e-12
2.25102e-11
9.00409e-12
0
-9.00409e-12
-9.00409e-12
0
1.80082e-11
3.15143e-11
0
0
-4.50205e-11
-3.15143e-11
4.50205e-12
0
0
0
0
4.50205e-12
0
-4.50205e-12
-4.50205e-12
4.50205e-12
0
3.15143e-11
1.35061e-11
2.25102e-11
0
-5.85266e-11
-4.50205e-12
-4.50205e-12
0
0
2.25102e-11
4.50205e-12
-1.80082e-11
-4.50205e-12
-4.50205e-12
1.80082e-11
0
9.00409e-12
-4.50205e-12
-2.25102e-11
4.05184e-11
1.80082e-11
-4.05184e-11
-1.80082e-11
4.50205e-12
4.50205e-12
-4.50205e-12
0
1.80082e-11
0
-1.35061e-11
-4.50205e-12
0
4.50205e-12
-4.50205e-12
0
-4.50205e-12
4.50205e-12
-4.50205e-12
0
0
0
4.50205e-12
-4.50205e-12
-4.50205e-12
4.50205e-12
0
4.50205e-12
0
-2.25102e-11
0
2.25102e-11
1.35061e-11
-9.00409e-12
-9.00409e-12
0
0
0
-1.80082e-11
4.50205e-12
2.25102e-11
0
-4.50205e-12
-9.00409e-12
2.25102e-11
0
-1.80082e-11
0
4.50205e-12
0
-2.25102e-11
0
4.05184e-11
0
-2.25102e-11
0
0
-6.39266e-11
-4.56618e-12
5.47942e-11
9.13237e-12
-1.09588e-10
-1.32419e-10
8.21913e-11
5.93604e-11
-2.23743e-10
4.56618e-11
2.60273e-10
-9.13237e-11
-2.28309e-11
0
9.13237e-12
5.47942e-11
0
5.93604e-11
-7.3059e-11
-1.14155e-10
-2.73971e-11
1.14155e-10
0
-1.36986e-11
1.14155e-10
9.13237e-12
-4.10957e-11
4.56618e-12
3.65295e-11
0
-9.13237e-12
-9.13237e-12
-1.36986e-11
9.13237e-12
0
-8.21913e-11
0
8.21913e-11
0
-9.13237e-12
1.82647e-11
0
-4.56618e-12
4.56618e-12
-2.73971e-11
-4.56618e-12
3.19633e-11
0
-4.56618e-12
0
1.82647e-11
0
-1.82647e-11
-5.0228e-11
1.36986e-11
5.93604e-11
-1.36986e-11
-4.56618e-12
-1.82647e-11
9.13237e-12
9.13237e-12
0
-5.0228e-11
-4.56618e-12
0
0
-1.5525e-10
-4.56618e-12
2.14611e-10
1.82647e-11
0
-1.82647e-11
-5.47942e-11
4.56618e-12
5.47942e-11
-4.56618e-12
0
1.36986e-11
-5.93604e-11
-4.56618e-12
5.0228e-11
-4.56618e-12
9.13237e-12
-5.0228e-11
-9.13237e-12
5.0228e-11
4.56618e-12
4.56618e-12
0
-5.47942e-11
-4.56618e-12
-1.5525e-10
-4.56618e-12
2.10044e-10
-5.0228e-10
-3.01368e-10
5.0228e-10
3.10501e-10
1.36986e-11
0
0
-4.63124e-12
-9.26247e-12
-5.55748e-11
-9.26247e-12
6.02061e-11
1.38937e-11
0
-9.26247e-12
1.38937e-11
0
-3.24187e-11
-9.26247e-12
1.85249e-11
-3.24187e-11
9.26247e-12
1.85249e-11
-3.70499e-11
1.85249e-11
1.38937e-11
4.63124e-12
9.26247e-12
-1.38937e-11
4.63124e-12
9.26247e-12
0
4.63124e-12
0
0
0
9.26247e-12
0
-2.31562e-11
0
1.38937e-11
0
0
0
-9.26247e-12
4.63124e-12
1.85249e-11
-4.63124e-12
-9.26247e-12
0
0
-4.63124e-12
4.63124e-12
0
9.26247e-12
-9.26247e-12
9.26247e-12
0
0
4.63124e-12
-1.85249e-11
0
1.85249e-11
0
0
-4.63124e-12
0
4.63124e-12
-4.63124e-12
-9.26247e-12
0
9.26247e-12
-1.38937e-11
-6.02061e-11
9.26247e-12
6.94685e-11
4.63124e-12
-6.94685e-11
0
6.94685e-11
0
-9.26247e-12
0
4.63124e-12
0
-1.85249e-11
0
2.31562e-11
-9.26247e-12
0
4.63124e-12
-2.31562e-11
-4.63124e-12
2.31562e-11
4.63124e-12
0
0
0
0
0
4.63124e-12
0
-4.63124e-12
-4.63124e-12
4.63124e-12
4.69721e-12
9.39443e-12
0
0
0
0
0
-1.87889e-11
0
9.39443e-12
0
0
-9.39443e-12
4.69721e-12
0
-9.39443e-12
9.39443e-12
0
-1.40916e-11
9.39443e-12
0
-1.87889e-11
1.87889e-11
4.69721e-12
0
1.40916e-11
0
0
-1.87889e-11
-4.69721e-12
1.40916e-11
9.39443e-12
-9.39443e-12
0
-4.69721e-12
4.69721e-12
-9.39443e-12
0
9.39443e-12
0
9.39443e-12
-1.40916e-11
0
4.69721e-12
-4.69721e-12
1.40916e-11
-1.40916e-11
0
-4.69721e-12
-9.39443e-12
9.39443e-12
1.87889e-11
-9.39443e-12
-1.40916e-11
4.69721e-12
9.39443e-12
0
9.39443e-12
-1.87889e-11
0
1.87889e-11
0
0
0
0
0
0
-1.87889e-11
0
1.87889e-11
0
0
-1.87889e-11
4.69721e-12
1.87889e-11
0
0
-4.69721e-12
0
0
-9.39443e-12
0
9.39443e-12
0
0
0
0
0
0
-9.39443e-12
-4.69721e-12
4.69721e-12
-4.69721e-12
0
4.69721e-12
-1.40916e-11
0
9.39443e-12
4.69721e-12
9.39443e-12
0
4.76413e-12
0
-2.38207e-11
-4.76413e-12
9.52827e-12
0
0
2.38207e-11
-9.52827e-12
-2.38207e-11
9.52827e-12
0
1.04811e-10
2.38207e-11
-1.14339e-10
-2.38207e-11
0
0
1.09575e-10
0
-1.09575e-10
0
2.38207e-11
0
-2.38207e-11
0
-4.76413e-12
0
4.76413e-12
0
-4.76413e-12
-9.52827e-12
9.52827e-12
0
-9.52827e-12
1.42924e-11
3.33489e-11
-9.52827e-12
-2.38207e-11
2.38207e-11
4.76413e-12
-2.85848e-11
6.19337e-11
1.90565e-11
-7.1462e-11
4.76413e-12
9.52827e-12
-2.85848e-11
0
4.76413e-12
6.19337e-11
9.52827e-12
-7.1462e-11
-1.42924e-11
2.38207e-11
7.1462e-11
-1.90565e-11
-6.19337e-11
0
6.19337e-11
9.52827e-12
-4.76413e-12
-4.76413e-12
-6.19337e-11
6.19337e-11
0
-6.66979e-11
0
4.76413e-12
0
9.52827e-12
5.71696e-11
4.76413e-12
-5.71696e-11
-9.52827e-12
-4.76413e-12
0
9.52827e-12
5.71696e-11
1.42924e-11
-5.71696e-11
-2.38207e-11
-4.76413e-12
4.76413e-12
0
0
0
-4.76413e-12
0
6.66979e-11
1.09575e-10
1.33396e-10
-9.52827e-11
-2.00094e-10
-1.42924e-11
9.52827e-12
6.66979e-11
-9.52827e-12
-6.19337e-11
2.1744e-10
-9.66401e-12
-2.27104e-10
4.832e-12
0
-4.832e-12
-9.66401e-12
9.66401e-12
-9.66401e-12
9.66401e-12
0
0
2.27104e-10
0
-2.22272e-10
9.66401e-12
0
-1.4496e-11
2.27104e-10
1.06304e-10
-2.22272e-10
-1.11136e-10
4.832e-12
-4.832e-12
1.4496e-11
1.9328e-11
-1.9328e-11
-1.4496e-11
0
0
0
1.4496e-11
0
2.46432e-10
4.832e-12
-2.6576e-10
1.4496e-11
0
-9.66401e-12
1.35296e-10
-4.832e-12
-1.35296e-10
0
0
1.4496e-11
4.832e-12
-1.4496e-11
-4.832e-12
1.4496e-11
0
-1.4496e-11
0
0
0
0
1.9328e-11
4.832e-12
1.11136e-10
0
-1.30464e-10
0
0
0
0
0
0
0
-4.832e-12
1.4496e-11
1.06304e-10
1.15968e-10
-1.01472e-10
-1.35296e-10
4.832e-12
1.35296e-10
-9.66401e-12
-1.30464e-10
7.73121e-11
1.4496e-11
-7.73121e-11
-2.416e-11
0
1.40128e-10
4.832e-12
-1.25632e-10
-4.832e-12
1.4496e-11
0
-1.9328e-11
1.9328e-11
0
-1.9328e-11
0
0
0
1.4496e-11
0
-1.4496e-11
9.66401e-12
9.66401e-12
-4.90084e-12
-9.80169e-12
-4.90084e-12
0
0
0
0
0
-9.80169e-12
9.80169e-12
0
0
0
0
0
4.90084e-12
0
0
0
-4.90084e-12
4.90084e-12
0
-4.90084e-12
0
4.90084e-12
4.90084e-12
-4.90084e-12
4.90084e-12
0
-4.90084e-12
0
0
4.90084e-12
-4.90084e-12
-4.90084e-12
4.90084e-12
4.90084e-12
-4.90084e-12
-4.90084e-12
0
4.90084e-12
0
-4.90084e-12
4.90084e-12
0
-4.90084e-12
4.90084e-12
0
0
4.90084e-12
0
0
0
-4.90084e-12
0
4.90084e-12
-4.90084e-12
-4.90084e-12
9.80169e-12
0
-9.80169e-12
4.90084e-12
5.88101e-11
0
-5.88101e-11
-4.90084e-12
0
4.90084e-12
0
-4.90084e-12
2.25439e-10
0
-2.15637e-10
0
-4.90084e-12
0
0
0
0
-4.90084e-12
4.90084e-12
0
-4.90084e-12
9.80169e-12
0
-9.80169e-12
3.13654e-10
0
-3.13654e-10
6.3711e-11
-4.90084e-12
-5.88101e-11
9.80169e-12
4.90084e-12
-4.90084e-12
-4.90084e-12
-4.90084e-12
9.80169e-12
4.90084e-12
4.90084e-12
4.97066e-12
-4.97066e-12
0
0
-4.97066e-12
4.97066e-12
0
0
0
0
0
4.97066e-12
4.97066e-12
-9.94133e-12
4.97066e-12
4.97066e-12
0
0
-4.97066e-12
-4.97066e-12
-1.98827e-11
-4.97066e-12
2.48533e-11
4.97066e-12
0
-4.97066e-12
-2.48533e-11
0
2.48533e-11
4.97066e-12
0
0
9.94133e-12
-9.94133e-12
0
4.97066e-12
-4.97066e-12
4.97066e-12
4.97066e-12
-9.94133e-12
0
0
4.97066e-12
4.97066e-12
-4.97066e-12
-8.94719e-11
-1.4912e-11
9.94133e-11
4.97066e-12
-4.97066e-12
-4.97066e-12
0
9.94133e-12
0
-4.97066e-12
-4.97066e-12
0
4.97066e-12
-9.94133e-12
9.94133e-12
4.97066e-12
-4.97066e-12
0
-2.9824e-11
-9.94133e-12
2.9824e-11
4.97066e-12
4.97066e-12
0
-9.94133e-12
0
9.94133e-12
-4.97066e-12
4.97066e-12
0
-9.94133e-12
-2.48533e-11
9.94133e-12
2.9824e-11
-3.97653e-11
4.97066e-12
2.48533e-11
9.94133e-12
0
-4.97066e-12
-2.9824e-11
0
2.9824e-11
-2.9824e-11
-4.97066e-12
2.48533e-11
4.97066e-12
0
0
0
-1.98827e-11
0
1.98827e-11
4.97066e-12
-4.97066e-12
3.68028e-10
3.47862e-10
-3.68028e-10
-3.62986e-10
-1.0083e-11
4.03318e-11
3.78111e-10
-1.51244e-11
-3.52903e-10
3.68028e-10
2.31908e-10
-3.78111e-10
-1.20995e-10
-1.0083e-11
5.04148e-12
5.04148e-12
-1.3612e-10
1.0083e-11
0
0
0
1.3612e-10
5.04148e-12
-4.03318e-11
-2.52074e-11
-1.0083e-10
1.51244e-11
1.51244e-11
0
-5.04148e-12
2.06701e-10
0
-1.10912e-10
-1.51244e-11
0
1.51244e-11
-9.57881e-11
2.01659e-10
1.0083e-10
-1.10912e-10
0
-9.57881e-11
-1.15954e-10
-5.04148e-12
0
-1.0083e-11
2.21825e-10
1.15954e-10
-1.10912e-10
-9.57881e-11
-9.57881e-11
0
1.56286e-10
-5.04148e-12
-1.7141e-10
-5.04148e-12
1.51244e-11
1.0083e-11
0
0
-2.01659e-11
-1.51244e-11
2.01659e-11
4.03318e-11
0
2.47032e-10
0
-2.97447e-10
-1.51244e-11
2.92406e-10
0
-2.87364e-10
0
2.01659e-11
1.51244e-11
-2.01659e-11
7.56221e-11
2.82323e-10
-6.55392e-11
-2.7224e-10
-1.51244e-11
-1.0083e-11
-5.04148e-12
-1.0083e-11
2.01659e-11
2.01659e-11
0
5.04148e-12
0
1.46203e-10
5.04148e-12
-1.56286e-10
0
6.55392e-11
-1.0083e-11
9.07466e-11
1.7141e-10
-1.76452e-10
-1.7141e-10
5.04148e-12
3.06798e-11
4.4997e-10
1.02266e-11
-2.76118e-10
-3.57931e-11
-5.1133e-11
5.1133e-12
-1.32946e-10
1.02266e-11
4.90877e-10
1.02266e-11
-4.9599e-10
-1.02266e-11
-5.1133e-12
5.1133e-12
5.1133e-12
-5.1133e-12
-5.1133e-12
0
0
0
5.1133e-12
0
5.1133e-12
-5.1133e-12
-1.48286e-10
0
1.43172e-10
5.1133e-12
-2.04532e-11
-5.1133e-12
3.11911e-10
1.53399e-11
-3.22138e-10
-5.1133e-12
2.04532e-11
0
-2.04532e-11
0
2.04532e-11
-2.04532e-11
0
2.04532e-11
0
0
0
0
0
0
0
0
0
0
0
5.1133e-12
-1.53399e-11
-5.1133e-12
1.53399e-11
0
-1.02266e-11
0
1.02266e-11
0
0
0
0
-2.55665e-11
-5.1133e-12
1.02266e-11
2.04532e-11
0
-2.04532e-11
-9.71527e-11
1.02266e-11
1.07379e-10
-2.04532e-11
0
2.04532e-11
0
-1.89192e-10
-4.70424e-10
1.84079e-10
4.75537e-10
0
0
5.1133e-12
0
-2.55665e-11
0
2.04532e-11
0
0
-3.06798e-11
-5.1133e-12
3.57931e-11
-1.02266e-11
-5.1133e-12
0
5.1133e-12
1.02266e-11
0
3.42286e-10
0
-3.42286e-10
5.18615e-12
0
0
5.18615e-12
-5.18615e-12
2.85238e-10
1.03723e-11
-2.74866e-10
1.03723e-11
-5.18615e-12
0
5.18615e-12
-2.59307e-11
0
0
-5.18615e-12
0
5.18615e-12
2.07446e-11
0
-5.18615e-12
0
-1.55584e-11
0
1.03723e-11
-1.03723e-11
0
2.85238e-10
1.03723e-11
-2.9561e-10
-1.03723e-11
0
5.18615e-12
0
-5.18615e-12
1.03723e-11
-1.03723e-11
-1.03723e-11
2.07446e-11
1.55584e-11
0
-1.55584e-11
-5.18615e-12
-5.18615e-12
0
0
1.03723e-11
1.55584e-11
0
-1.55584e-11
0
0
-1.03723e-11
0
0
1.03723e-11
1.55584e-11
0
-1.55584e-11
-1.03723e-11
-1.55584e-11
0
0
0
2.59307e-11
1.55584e-11
-5.18615e-12
-1.55584e-11
5.18615e-12
1.03723e-11
-1.55584e-11
-2.07446e-11
0
2.07446e-11
1.55584e-11
-1.03723e-11
-1.03723e-11
0
0
2.59307e-11
5.18615e-12
-1.03723e-11
5.18615e-12
-3.11169e-11
-1.03723e-11
1.55584e-11
5.18615e-12
0
-5.18615e-12
5.18615e-12
0
-5.18615e-12
-5.18615e-12
0
5.18615e-12
0
-3.15602e-11
-5.26003e-12
3.68202e-11
-2.10401e-11
-2.63001e-11
1.05201e-11
3.15602e-11
5.26003e-12
-5.26003e-12
-3.15602e-11
-1.57801e-11
1.57801e-11
3.15602e-11
1.05201e-11
-5.26003e-12
-1.05201e-11
-1.05201e-11
-1.05201e-11
2.63001e-11
5.26003e-12
-5.26003e-12
-5.26003e-12
5.26003e-12
5.26003e-12
0
0
0
1.05201e-11
-5.26003e-12
-1.05201e-11
5.26003e-12
0
1.94621e-10
0
-1.94621e-10
-2.10401e-11
1.05201e-11
3.68202e-11
-1.05201e-11
-1.57801e-11
0
0
1.94621e-10
1.57801e-11
-1.94621e-10
-1.57801e-11
0
0
0
0
0
-5.26003e-12
0
5.26003e-12
-5.26003e-12
0
2.10401e-10
0
-2.05141e-10
0
0
5.26003e-12
-5.26003e-12
5.26003e-12
-5.26003e-12
5.26003e-12
1.99881e-10
2.15661e-10
-1.99881e-10
-2.31441e-10
-5.26003e-12
1.05201e-11
2.10401e-10
0
-2.10401e-10
-5.26003e-12
1.05201e-11
5.26003e-12
-1.05201e-11
-5.26003e-12
5.26003e-12
5.26003e-12
-5.26003e-12
-1.05201e-11
1.05201e-11
1.05201e-11
0
0
-1.05201e-11
-5.26003e-12
5.26003e-12
5.26003e-12
0
1.05201e-11
-1.57801e-11
-1.57801e-11
1.57801e-11
1.57801e-11
0
-1.57801e-11
0
-1.60049e-11
0
1.60049e-11
0
0
-5.33497e-12
-1.60049e-11
0
5.33497e-12
1.06699e-11
5.33497e-12
0
0
0
0
0
2.13399e-11
-5.33497e-12
-2.13399e-11
5.33497e-12
0
0
0
5.33497e-12
-5.33497e-12
-2.66748e-11
0
2.66748e-11
0
-2.13399e-11
-5.33497e-12
2.66748e-11
0
-2.13399e-11
-5.33497e-12
2.66748e-11
-2.66748e-11
5.33497e-12
2.13399e-11
0
-2.66748e-11
5.33497e-12
2.13399e-11
0
0
0
0
0
0
1.06699e-11
0
-1.06699e-11
0
0
0
-3.73448e-11
-5.33497e-12
4.26797e-11
0
0
0
0
0
0
3.20098e-11
3.73448e-11
-3.73448e-11
-3.20098e-11
0
-4.26797e-11
5.33497e-12
3.73448e-11
0
0
-5.33497e-12
0
5.33497e-12
0
0
0
0
3.73448e-11
1.76054e-10
-3.20098e-11
-1.81389e-10
0
0
0
1.06699e-11
3.73448e-11
2.13399e-11
-3.73448e-11
-4.80147e-11
-3.62778e-10
1.60049e-11
3.62778e-10
0
5.33497e-12
0
-5.41097e-12
-2.16439e-11
-2.70548e-11
-1.08219e-11
-2.70548e-11
5.41097e-12
4.86987e-11
1.62329e-11
1.08219e-11
-5.95207e-11
-5.41097e-12
-1.62329e-11
0
7.57536e-11
1.62329e-11
0
-3.78768e-11
0
1.62329e-11
5.41097e-12
0
-4.86987e-11
-7.03426e-11
4.86987e-11
7.03426e-11
-4.32878e-11
-3.24658e-11
4.32878e-11
3.24658e-11
-4.86987e-11
1.62329e-11
3.24658e-11
-3.78768e-11
-5.41097e-12
4.32878e-11
1.08219e-11
-4.86987e-11
-1.08219e-11
4.86987e-11
1.62329e-11
-5.41097e-12
-4.86987e-11
5.41097e-12
0
-5.41097e-11
4.86987e-11
3.24658e-11
-3.24658e-11
1.08219e-11
2.70548e-11
0
0
-1.62329e-11
4.32878e-11
0
-4.86987e-11
1.08219e-11
2.16439e-11
0
0
-1.08219e-11
-1.62329e-11
4.32878e-11
2.70548e-11
-5.41097e-11
0
1.08219e-11
-1.62329e-11
-1.08219e-11
-5.41097e-12
1.62329e-11
1.62329e-11
-1.62329e-11
3.24658e-11
5.41097e-12
-4.86987e-11
1.08219e-11
3.78768e-11
-1.08219e-11
-2.16439e-11
0
0
-5.41097e-12
-5.41097e-12
4.86987e-11
-1.08219e-11
-4.32878e-11
1.62329e-11
0
-2.16439e-11
2.16439e-11
1.08219e-11
-1.62329e-11
-1.08219e-11
-5.41097e-12
1.62329e-11
1.62329e-11
2.70548e-11
1.62329e-11
-3.78768e-11
0
-1.09761e-11
-5.48806e-12
1.64642e-11
-1.48178e-10
0
1.42689e-10
-5.48806e-12
-1.64642e-11
0
1.64642e-11
5.48806e-12
5.48806e-12
0
-1.64642e-11
-2.19522e-11
1.09761e-11
-8.78089e-11
5.48806e-12
1.09761e-10
0
0
0
-1.64642e-11
0
1.64642e-11
-1.64642e-11
-2.08546e-10
1.64642e-11
2.08546e-10
0
-1.64642e-11
-2.19522e-11
2.19522e-11
1.64642e-11
-1.48178e-10
0
1.48178e-10
-1.64642e-11
0
1.64642e-11
0
0
0
-2.03058e-10
0
2.03058e-10
0
-1.64642e-11
0
1.64642e-11
-1.64642e-11
0
1.64642e-11
-1.64642e-11
-2.85379e-10
1.09761e-11
2.85379e-10
5.48806e-12
0
-5.48806e-12
-2.74403e-11
5.48806e-12
2.74403e-11
-1.64642e-11
0
-1.31713e-10
-2.85379e-10
1.48178e-10
2.85379e-10
0
0
-2.08546e-10
0
2.08546e-10
-5.48806e-12
-2.19522e-11
-1.09761e-11
2.19522e-11
1.64642e-11
-1.09761e-11
0
-2.74403e-11
0
3.84164e-11
0
0
-1.64642e-11
-2.19522e-11
2.19522e-11
1.64642e-11
-1.48178e-10
-2.85379e-10
1.48178e-10
2.68915e-10
0
1.64642e-11
-2.08546e-10
0
2.08546e-10
0
2.78312e-11
0
-3.89637e-11
0
1.11325e-11
0
0
0
1.11325e-11
0
-1.11325e-11
0
0
0
0
5.00962e-11
0
-5.00962e-11
0
0
0
0
0
0
0
0
1.11325e-11
0
-1.11325e-11
0
0
0
0
0
0
0
1.11325e-11
0
0
0
-1.11325e-11
0
0
0
0
0
0
0
0
0
0
0
0
0
0
0
0
-1.11325e-11
0
0
0
1.11325e-11
0
0
0
0
0
0
-5.56624e-12
0
5.56624e-12
0
-5.56624e-12
0
-5.56624e-12
0
1.11325e-11
0
-1.11325e-11
0
1.11325e-11
-5.56624e-12
0
5.56624e-12
0
0
0
0
0
0
0
0
0
-5.56624e-12
0
5.56624e-12
0
-5.56624e-12
-5.56624e-12
-1.63721e-10
-1.69366e-11
1.58075e-10
-1.69366e-11
-1.18556e-10
-1.80657e-10
-5.64554e-12
5.64554e-11
-9.03286e-11
1.69366e-11
9.03286e-11
-1.69366e-11
-9.03286e-11
6.21009e-11
7.3392e-11
-1.35493e-10
6.21009e-11
-6.21009e-11
-5.64554e-11
2.54049e-10
-7.3392e-11
-1.97594e-10
1.91948e-10
5.64554e-12
-6.21009e-11
9.03286e-11
0
-5.64554e-12
-4.51643e-11
-8.46831e-11
4.51643e-11
9.03286e-11
0
0
-5.08099e-11
5.08099e-11
1.24202e-10
-1.12911e-10
-1.24202e-10
-7.90376e-11
3.95188e-11
6.21009e-11
-1.35493e-10
1.35493e-10
9.03286e-11
-1.97594e-10
5.08099e-11
5.64554e-11
-1.35493e-10
0
2.82277e-11
2.08885e-10
-2.25822e-11
-2.14531e-10
2.82277e-11
2.25822e-10
1.97594e-10
-1.12911e-11
-2.31467e-10
-2.08885e-10
0
0
2.82277e-11
0
1.80657e-10
0
-1.80657e-10
8.46831e-11
1.91948e-10
1.07265e-10
-2.20176e-10
-1.91948e-10
2.20176e-10
2.31467e-10
-1.12911e-11
-1.12911e-11
-2.14531e-10
-2.14531e-10
2.08885e-10
2.31467e-10
1.12911e-11
-4.00833e-10
-1.12911e-11
1.75012e-10
-2.14531e-10
0
0
2.82277e-11
0
-2.82277e-11
2.08885e-10
2.82277e-11
-1.18556e-10
-1.97594e-10
1.0162e-10
1.69366e-10
2.82277e-11
2.31467e-10
5.64554e-12
5.64554e-12
0
0
-2.29039e-11
0
1.71779e-11
-5.72597e-12
5.72597e-12
5.72597e-12
0
-1.77505e-10
-5.72597e-12
1.60327e-10
0
1.14519e-11
0
0
5.72597e-12
0
-1.71779e-11
0
1.14519e-11
0
5.72597e-12
0
-2.29039e-11
0
-2.40491e-10
-1.71779e-11
2.57669e-10
1.71779e-11
0
-2.57669e-10
-1.71779e-11
1.48875e-10
-1.54601e-10
1.14519e-10
1.54601e-10
-1.14519e-10
-2.40491e-10
0
2.40491e-10
1.08793e-10
-2.40491e-10
-2.29039e-11
5.72597e-12
0
0
-2.40491e-10
2.40491e-10
2.63395e-10
2.29039e-11
-1.77505e-10
-1.20245e-10
5.72597e-12
1.03067e-10
1.83231e-10
-1.08793e-10
-5.72597e-12
1.08793e-10
-1.71779e-10
-1.14519e-10
5.72597e-12
-5.72597e-12
5.72597e-12
1.08793e-10
1.71779e-10
5.72597e-12
2.86298e-11
-5.72597e-12
-2.00409e-10
-1.77505e-10
1.77505e-10
1.83231e-10
-1.71779e-11
-1.83231e-10
1.71779e-11
1.77505e-10
5.72597e-12
-1.77505e-10
-5.72597e-12
1.83231e-10
0
-5.72597e-12
-5.72597e-12
0
-1.71779e-10
-5.72597e-12
1.83231e-10
2.86298e-11
-1.83231e-10
-2.86298e-11
6.87116e-11
5.72597e-12
1.14519e-10
0
-1.14519e-10
-1.71779e-11
1.14519e-10
0
-1.71779e-11
5.80754e-12
1.16151e-11
5.80754e-12
0
4.64603e-11
-5.80754e-12
-5.80754e-11
4.06528e-11
1.74226e-11
0
-2.32302e-11
-4.06528e-11
1.16151e-11
1.16151e-11
2.90377e-11
0
-2.90377e-11
5.80754e-12
5.80754e-12
-5.80754e-12
-5.80754e-12
3.48453e-11
-1.74226e-11
0
0
-4.06528e-11
1.16151e-11
1.74226e-11
0
-1.74226e-11
5.80754e-12
1.16151e-11
-1.74226e-11
3.48453e-11
0
-2.90377e-11
1.74226e-11
-5.80754e-12
-1.74226e-11
3.48453e-11
0
-3.48453e-11
0
-1.16151e-11
0
0
1.16151e-11
0
-1.16151e-11
0
0
0
0
1.74226e-11
0
2.90377e-11
1.16151e-11
-3.48453e-11
0
-5.80754e-12
-1.16151e-11
1.74226e-11
-5.80754e-12
0
0
-1.74226e-11
0
1.74226e-11
0
-1.74226e-11
5.80754e-12
0
1.16151e-11
0
-1.74226e-11
0
1.74226e-11
0
-4.06528e-11
0
6.96905e-11
-5.80754e-12
-4.06528e-11
0
1.74226e-11
1.74226e-11
-2.90377e-11
-1.74226e-11
1.16151e-11
0
5.80754e-12
0
-1.74226e-11
0
1.16151e-11
0
0
1.74226e-11
0
-1.74226e-11
0
0
-5.89028e-12
0
5.89028e-12
0
0
0
0
0
0
0
5.89028e-12
-5.89028e-12
-5.89028e-12
5.89028e-12
0
0
1.17806e-11
0
-1.17806e-11
5.89028e-12
-5.89028e-12
0
5.89028e-12
-5.89028e-12
0
0
0
0
0
0
0
0
0
0
0
-1.17806e-11
0
1.17806e-11
0
0
0
0
0
-5.89028e-12
-1.17806e-11
0
1.17806e-11
5.89028e-12
0
0
-1.17806e-11
0
1.17806e-11
0
0
0
-1.17806e-11
0
0
0
0
0
1.17806e-11
0
-1.17806e-11
-1.17806e-11
0
1.17806e-11
1.17806e-11
0
0
-5.89028e-12
0
5.89028e-12
0
0
0
0
0
0
0
0
0
0
5.89028e-12
0
-1.17806e-11
0
5.89028e-12
-1.17806e-11
0
1.17806e-11
0
0
0
0
0
0
0
0
0
-1.79226e-11
0
1.79226e-11
0
2.38968e-11
5.97419e-12
-2.38968e-11
-5.97419e-12
0
0
0
0
0
-1.49355e-10
0
1.55329e-10
0
-4.77936e-11
-4.18194e-11
4.18194e-11
4.18194e-11
-4.18194e-11
-4.18194e-11
4.18194e-11
5.37678e-11
0
-1.19484e-11
0
0
0
-1.37406e-10
0
1.37406e-10
0
0
-2.03123e-10
0
2.03123e-10
0
0
-4.18194e-11
0
6.57161e-11
0
-2.38968e-11
5.97419e-12
0
-4.77936e-11
0
4.18194e-11
-4.18194e-11
5.97419e-12
7.76645e-11
-5.97419e-12
-4.77936e-11
-1.43381e-10
0
0
0
1.43381e-10
1.19484e-11
-1.43381e-10
-1.19484e-11
1.43381e-10
1.19484e-11
-1.43381e-10
-1.19484e-11
1.01561e-10
1.19484e-11
4.18194e-11
-1.19484e-11
-4.18194e-11
-2.9871e-11
-1.07536e-10
4.77936e-11
1.43381e-10
0
0
0
0
0
0
0
0
0
0
0
-1.19484e-11
-1.43381e-10
1.19484e-11
1.67277e-10
0
-6.57161e-11
0
5.97419e-11
0
-1.79226e-11
0
-1.81779e-11
-6.05931e-12
6.05931e-12
6.05931e-12
1.21186e-11
-1.21186e-11
-1.21186e-11
1.21186e-11
1.21186e-11
0
0
0
0
-1.21186e-11
0
1.21186e-11
-1.21186e-11
0
0
-1.21186e-11
1.21186e-11
1.21186e-11
-1.21186e-11
0
1.21186e-11
0
0
0
0
-1.21186e-11
0
0
0
0
-1.21186e-11
1.21186e-11
1.21186e-11
-1.21186e-11
0
3.02965e-11
-1.21186e-11
-1.81779e-11
1.21186e-11
-1.21186e-11
0
1.21186e-11
0
-1.21186e-11
0
0
0
1.21186e-11
-1.21186e-11
0
1.21186e-11
0
-1.21186e-11
0
1.81779e-11
0
-6.05931e-12
0
0
-1.21186e-11
0
1.21186e-11
0
0
0
0
0
0
-1.21186e-11
6.05931e-12
1.21186e-11
-6.05931e-12
0
0
-1.21186e-11
1.21186e-11
3.02965e-11
6.05931e-12
-1.21186e-11
-3.63558e-11
-1.81779e-11
1.81779e-11
0
-1.81779e-11
1.21186e-11
1.81779e-11
0
1.21186e-11
0
-2.42372e-11
0
0
-1.21186e-11
0
0
-6.14563e-12
0
0
-6.14563e-12
0
-3.07281e-12
0
3.07281e-12
-3.07281e-12
0
3.07281e-12
0
-3.07281e-12
0
3.07281e-12
0
6.14563e-12
0
-6.14563e-12
0
0
-3.07281e-12
0
3.07281e-12
-9.21844e-12
0
9.21844e-12
0
0
0
-9.21844e-12
0
0
-6.14563e-12
1.22913e-11
-6.14563e-12
0
9.21844e-12
0
0
0
0
0
0
-3.07281e-12
-6.14563e-12
-6.14563e-12
6.14563e-12
9.21844e-12
0
0
-3.07281e-12
0
3.07281e-12
0
-9.21844e-12
-1.22913e-11
6.14563e-12
-7.37475e-11
-8.60388e-11
9.21844e-11
7.98932e-11
0
3.07281e-12
-9.21844e-12
0
3.3801e-11
0
-2.45825e-11
-8.2966e-11
0
1.07549e-10
0
-2.45825e-11
-3.07281e-12
0
3.07281e-12
0
-3.07281e-12
0
3.07281e-12
0
0
-9.21844e-12
0
9.21844e-12
0
-3.07281e-12
0
3.07281e-12
0
0
0
0
0
0
0
-3.07281e-12
0
3.07281e-12
1.24664e-11
9.34977e-12
6.23318e-12
2.18161e-11
1.24664e-11
-4.05157e-11
-1.5583e-11
3.42825e-11
6.23318e-12
2.80493e-11
-6.23318e-12
-2.80493e-11
6.23318e-11
-3.42825e-11
-4.05157e-11
5.60986e-11
-1.5583e-11
-5.60986e-11
0
0
5.60986e-11
5.60986e-11
-6.23318e-11
-6.23318e-11
6.23318e-11
6.23318e-11
0
-6.23318e-11
0
1.24664e-11
0
4.98655e-11
-6.8565e-11
-6.8565e-11
6.8565e-11
6.23318e-12
0
0
-5.60986e-11
-6.23318e-12
-6.23318e-12
1.24664e-11
9.34977e-12
5.92152e-11
4.98655e-11
-6.23318e-11
-4.98655e-11
9.34977e-12
0
5.2982e-11
4.98655e-11
-5.60986e-11
0
6.23318e-12
-5.2982e-11
-9.34977e-12
0
9.34977e-12
5.2982e-11
0
-5.92152e-11
0
6.23318e-12
0
5.2982e-11
4.98655e-11
-4.98655e-11
-6.23318e-11
-1.86995e-11
1.24664e-11
1.5583e-11
0
-9.34977e-12
0
0
0
-6.23318e-12
-1.24664e-11
6.23318e-12
1.24664e-11
0
4.98655e-11
1.24664e-11
-5.2982e-11
0
-6.23318e-12
0
0
-9.34977e-12
5.60986e-11
6.23318e-11
-4.98655e-11
-6.8565e-11
-1.86995e-11
1.86995e-11
1.5583e-11
9.03811e-11
6.23318e-12
-1.02847e-10
-1.5583e-11
1.2644e-11
3.47709e-11
-1.2644e-11
-4.42539e-11
2.21269e-11
1.5805e-11
0
6.32198e-12
1.5805e-10
-2.84489e-11
-1.67533e-10
1.5805e-11
1.2644e-11
-1.89659e-11
6.32198e-12
1.5805e-11
0
6.32198e-12
-1.5805e-11
0
2.8765e-10
1.32762e-10
-2.97133e-10
-1.35923e-10
1.89659e-11
3.16099e-12
6.32198e-12
-1.5805e-11
-2.21269e-11
9.48297e-12
2.97133e-10
0
-1.20118e-10
-1.2644e-11
-1.51728e-10
9.48297e-12
0
-1.5805e-11
-2.21269e-11
0
2.21269e-11
0
0
2.21269e-11
-2.21269e-11
-2.21269e-11
0
0
2.21269e-11
1.35923e-10
2.68684e-10
-1.32762e-10
-2.71845e-10
2.21269e-11
0
-1.5805e-11
-6.32198e-12
1.2644e-11
1.5805e-11
6.32198e-12
-3.47709e-11
-2.21269e-11
4.42539e-11
2.21269e-11
-5.05759e-11
-2.21269e-11
6.32198e-12
2.21269e-11
6.32198e-12
0
-6.32198e-12
0
6.32198e-12
-2.21269e-11
-1.2644e-11
0
6.32198e-12
2.21269e-11
2.21269e-11
-2.21269e-11
-2.21269e-11
3.47709e-11
2.21269e-11
-1.2644e-11
-2.21269e-11
-2.84489e-11
2.21269e-11
5.05759e-11
-2.84489e-11
-4.42539e-11
4.42539e-11
0
-3.79319e-11
0
2.21269e-11
1.5805e-11
-2.21269e-11
-9.48297e-12
3.16099e-12
0
-6.41205e-12
-3.20602e-12
0
3.20602e-12
6.41205e-12
0
0
-6.41205e-12
-3.20602e-12
3.20602e-12
-3.20602e-12
0
9.61807e-12
-6.41205e-12
0
6.41205e-12
0
0
0
-6.41205e-12
-3.20602e-12
0
0
3.20602e-12
6.41205e-12
0
0
-6.41205e-12
0
6.41205e-12
0
0
0
-6.41205e-12
0
6.41205e-12
0
-6.41205e-12
-3.20602e-12
0
3.20602e-12
6.41205e-12
0
0
0
-6.41205e-12
0
6.41205e-12
0
0
0
0
0
-6.41205e-12
0
0
-3.20602e-12
0
0
0
0
3.20602e-12
0
0
0
0
0
-3.20602e-12
3.20602e-12
6.41205e-12
-6.41205e-12
-3.20602e-12
3.20602e-12
6.41205e-12
0
0
-6.41205e-12
0
0
-3.20602e-12
0
0
3.20602e-12
6.41205e-12
0
0
0
0
0
1.28241e-11
-6.41205e-12
-1.60301e-11
0
3.20602e-12
6.41205e-12
1.28241e-11
0
-1.92361e-11
-3.20602e-12
0
)
;

boundaryField
{
    patch1
    {
        type            calculated;
        value           uniform 0;
    }
    patch2
    {
        type            calculated;
        value           uniform 0;
    }
    patch3
    {
        type            calculated;
        value           nonuniform List<scalar> 
100
(
0
0
0
1.60301e-11
1.09005e-10
-2.24422e-11
-9.29747e-11
6.41205e-12
-2.24422e-11
0
6.41205e-12
-6.41205e-12
-6.41205e-12
2.24422e-11
1.92361e-11
-2.24422e-11
-1.92361e-11
0
0
4.48843e-11
0
-2.56482e-11
3.20602e-12
-1.60301e-11
-6.41205e-12
0
0
1.15417e-10
0
-1.15417e-10
1.28241e-11
0
-1.28241e-11
1.15417e-10
9.61807e-12
-8.97687e-11
0
0
0
8.97687e-11
1.28241e-11
-1.15417e-10
-2.88542e-11
0
6.41205e-12
2.24422e-11
0
-2.24422e-11
0
0
0
0
0
0
0
0
2.24422e-11
0
-2.24422e-11
0
0
0
8.65626e-11
6.41205e-12
-9.29747e-11
0
0
1.15417e-10
0
-2.88542e-11
8.97687e-11
-6.73265e-11
-6.41205e-11
-1.60301e-11
-1.60301e-11
-6.41205e-12
1.60301e-11
1.28241e-11
6.09145e-11
-9.61807e-12
-8.65626e-11
-6.41205e-12
2.56482e-11
2.56482e-11
-9.61807e-12
0
7.37385e-11
6.41205e-12
-9.29747e-11
-2.24422e-11
0
0
0
2.24422e-11
1.28241e-11
-2.24422e-11
-1.28241e-11
2.24422e-11
2.24422e-11
0
)
;
    }
    patch4
    {
        type            calculated;
        value           nonuniform List<scalar> 
100
(
-6.41205e-12
-3.20602e-12
0
3.20602e-12
6.41205e-12
0
0
-6.41205e-12
-3.20602e-12
3.20602e-12
-3.20602e-12
0
9.61807e-12
-6.41205e-12
0
6.41205e-12
0
0
0
-6.41205e-12
-3.20602e-12
0
0
3.20602e-12
6.41205e-12
0
0
-6.41205e-12
0
6.41205e-12
0
0
0
-6.41205e-12
0
6.41205e-12
0
-6.41205e-12
-3.20602e-12
0
3.20602e-12
6.41205e-12
0
0
0
-6.41205e-12
0
6.41205e-12
0
0
0
0
0
-6.41205e-12
0
0
-3.20602e-12
0
0
0
0
3.20602e-12
0
0
0
0
0
-3.20602e-12
3.20602e-12
6.41205e-12
-6.41205e-12
-3.20602e-12
3.20602e-12
6.41205e-12
0
0
-6.41205e-12
0
0
-3.20602e-12
0
0
3.20602e-12
6.41205e-12
0
0
0
0
0
1.28241e-11
-6.41205e-12
-1.60301e-11
0
3.20602e-12
6.41205e-12
1.28241e-11
0
-1.92361e-11
-3.20602e-12
0
)
;
    }
    defaultFaces
    {
        type            empty;
    }
}


// ************************************************************************* //
