/*--------------------------------*- C++ -*----------------------------------*\
| =========                 |                                                 |
| \\      /  F ield         | OpenFOAM: The Open Source CFD Toolbox           |
|  \\    /   O peration     | Version:  2406                                  |
|   \\  /    A nd           | Website:  www.openfoam.com                      |
|    \\/     M anipulation  |                                                 |
\*---------------------------------------------------------------------------*/
FoamFile
{
    version     2.0;
    format      ascii;
    arch        "LSB;label=32;scalar=64";
    class       volVectorField;
    location    "6.2";
    object      flux;
}
// * * * * * * * * * * * * * * * * * * * * * * * * * * * * * * * * * * * * * //

dimensions      [0 1 -1 1 0 0 0];

internalField   nonuniform List<vector> 
100
(
(-1.57286e+07 -1.57286e+07 0)
(-3.67002e+07 0 0)
(0 1.04858e+07 0)
(5.24288e+06 1.83501e+07 0)
(-4.98074e+07 5.24288e+06 0)
(-2.88358e+07 2.62144e+06 0)
(2.3593e+07 5.24288e+06 0)
(1.57286e+07 7.86432e+06 0)
(2.09715e+07 0 0)
(1.57286e+07 0 0)
(0 -3.67002e+07 0)
(-1.04858e+07 -5.24288e+06 0)
(1.57286e+07 3.67002e+07 0)
(0 3.93216e+07 0)
(-6.29146e+07 1.04858e+07 0)
(-3.40787e+07 2.09715e+07 0)
(3.14573e+07 1.83501e+07 0)
(1.31072e+07 2.09715e+07 0)
(1.31072e+07 2.3593e+07 0)
(1.57286e+07 0 0)
(1.57286e+07 -2.62144e+06 0)
(3.93216e+07 5.24288e+06 0)
(3.93216e+07 2.62144e+07 0)
(-1.83501e+07 1.31072e+07 0)
(-6.81574e+07 1.83501e+07 0)
(-2.09715e+07 3.67002e+07 0)
(2.09715e+07 2.3593e+07 0)
(1.57286e+07 0 0)
(2.62144e+06 1.57286e+07 0)
(-2.62144e+06 1.57286e+07 0)
(7.86432e+06 1.83501e+07 0)
(2.3593e+07 2.62144e+06 0)
(2.62144e+07 -1.83501e+07 0)
(-1.04858e+07 -1.83501e+07 0)
(-3.93216e+07 -5.24288e+06 0)
(-2.88358e+07 1.31072e+07 0)
(-7.86432e+06 -5.24288e+06 0)
(7.86432e+06 -1.57286e+07 0)
(2.88358e+07 -2.62144e+06 0)
(1.83501e+07 -2.62144e+06 0)
(0 0 0)
(0 0 0)
(1.83501e+07 -2.62144e+07 0)
(-7.86432e+06 -2.88358e+07 0)
(-3.67002e+07 -2.88358e+07 0)
(-2.09715e+07 -2.62144e+06 0)
(-2.62144e+06 -1.31072e+07 0)
(2.09715e+07 -2.62144e+06 0)
(1.04858e+07 7.86432e+06 0)
(-5.24288e+06 -2.62144e+07 0)
(5.24288e+06 1.83501e+07 0)
(-7.86432e+06 1.57286e+07 0)
(0 0 0)
(-5.24288e+06 -2.62144e+06 0)
(-1.57286e+07 1.57286e+07 0)
(-1.31072e+07 2.3593e+07 0)
(-1.31072e+07 1.57286e+07 0)
(2.88358e+07 1.04858e+07 0)
(2.62144e+06 -5.24288e+06 0)
(-1.57286e+07 -2.09715e+07 0)
(0 3.67002e+07 0)
(-1.31072e+07 4.71859e+07 0)
(-2.62144e+06 4.98074e+07 0)
(0 2.09715e+07 0)
(-1.04858e+07 2.62144e+07 0)
(-1.04858e+07 2.62144e+07 0)
(-1.83501e+07 3.14573e+07 0)
(0 1.57286e+07 0)
(-1.31072e+07 0 0)
(-2.3593e+07 -1.57286e+07 0)
(1.31072e+07 3.40787e+07 0)
(2.62144e+06 6.02931e+07 0)
(-2.3593e+07 6.5536e+07 0)
(-2.3593e+07 3.93216e+07 0)
(-5.24288e+06 2.62144e+07 0)
(-1.83501e+07 2.3593e+07 0)
(-2.3593e+07 2.3593e+07 0)
(-2.62144e+06 1.83501e+07 0)
(-3.40787e+07 -1.83501e+07 0)
(-3.14573e+07 -4.45645e+07 0)
(3.14573e+07 2.88358e+07 0)
(1.83501e+07 2.3593e+07 0)
(-2.62144e+07 2.88358e+07 0)
(-3.93216e+07 3.40787e+07 0)
(-3.14573e+07 1.31072e+07 0)
(-1.31072e+07 -1.04858e+07 0)
(-1.83501e+07 7.86432e+06 0)
(-4.1943e+07 -1.31072e+07 0)
(-7.07789e+07 -5.24288e+07 0)
(-4.71859e+07 -3.67002e+07 0)
(5.24288e+06 2.09715e+07 0)
(-2.62144e+06 -5.24288e+06 0)
(-1.04858e+07 -5.24288e+06 0)
(-3.67002e+07 1.31072e+07 0)
(-5.50502e+07 0 0)
(-1.83501e+07 -1.31072e+07 0)
(-2.3593e+07 -5.24288e+06 0)
(-6.81574e+07 -1.83501e+07 0)
(-5.76717e+07 -2.88358e+07 0)
(-1.83501e+07 -2.62144e+06 0)
)
;

boundaryField
{
    left
    {
        type            calculated;
        value           nonuniform List<vector> 10((0 -1.57286e+07 0) (0 -3.67002e+07 0) (0 -2.62144e+06 0) (0 1.83501e+07 0) (0 0 0) (0 1.83501e+07 0) (0 3.67002e+07 0) (0 3.40787e+07 0) (0 2.88358e+07 0) (0 2.09715e+07 0));
    }
    right
    {
        type            calculated;
        value           nonuniform List<vector> 10((0 0 0) (0 0 0) (0 1.57286e+07 0) (0 -2.62144e+06 0) (0 -2.62144e+07 0) (0 -2.09715e+07 0) (0 -1.57286e+07 0) (0 -4.45645e+07 0) (0 -3.67002e+07 0) (0 -2.62144e+06 0));
    }
    top
    {
        type            calculated;
        value           nonuniform List<vector> 10((5.24288e+06 0 0) (-2.62144e+06 0 0) (-1.04858e+07 0 0) (-3.67002e+07 0 0) (-5.50502e+07 0 0) (-1.83501e+07 0 0) (-2.3593e+07 0 0) (-6.81574e+07 0 0) (-5.76717e+07 0 0) (-1.83501e+07 0 0));
    }
    bottom
    {
        type            calculated;
        value           nonuniform List<vector> 10((-1.57286e+07 0 0) (-3.67002e+07 0 0) (0 0 0) (5.24288e+06 0 0) (-4.98074e+07 0 0) (-2.88358e+07 0 0) (2.3593e+07 0 0) (1.57286e+07 0 0) (2.09715e+07 0 0) (1.57286e+07 0 0));
    }
    defaultFaces
    {
        type            empty;
    }
}


// ************************************************************************* //
