/*--------------------------------*- C++ -*----------------------------------*\
| =========                 |                                                 |
| \\      /  F ield         | OpenFOAM: The Open Source CFD Toolbox           |
|  \\    /   O peration     | Version:  2406                                  |
|   \\  /    A nd           | Website:  www.openfoam.com                      |
|    \\/     M anipulation  |                                                 |
\*---------------------------------------------------------------------------*/
FoamFile
{
    version     2.0;
    format      ascii;
    arch        "LSB;label=32;scalar=64";
    class       volVectorField;
    location    "5.45";
    object      flux;
}
// * * * * * * * * * * * * * * * * * * * * * * * * * * * * * * * * * * * * * //

dimensions      [0 1 -1 1 0 0 0];

internalField   nonuniform List<vector> 
100
(
(-12800 -8960 0)
(-19200 1280 0)
(1280 5120 0)
(2560 8960 0)
(-20480 5120 0)
(-15360 -1280 0)
(5120 0 0)
(1280 1280 0)
(7680 1280 0)
(7680 0 0)
(-1280 -20480 0)
(-5120 0 0)
(7680 17920 0)
(3840 17920 0)
(-33280 5120 0)
(-19200 5120 0)
(7680 8960 0)
(3840 7680 0)
(5120 12800 0)
(6400 5120 0)
(7680 -1280 0)
(14080 0 0)
(21760 7680 0)
(-8960 0 0)
(-34560 3840 0)
(-12800 14080 0)
(6400 6400 0)
(8960 0 0)
(2560 10240 0)
(2560 11520 0)
(2560 11520 0)
(6400 5120 0)
(7680 -7680 0)
(-2560 -12800 0)
(-17920 -5120 0)
(-15360 6400 0)
(-7680 -2560 0)
(7680 -3840 0)
(15360 3840 0)
(7680 -6400 0)
(-1280 -1280 0)
(-5120 -2560 0)
(6400 -11520 0)
(-6400 -11520 0)
(-16640 -11520 0)
(-7680 -2560 0)
(-1280 -1280 0)
(11520 1280 0)
(0 2560 0)
(-6400 -11520 0)
(1280 0 0)
(-6400 3840 0)
(-1280 0 0)
(-1280 0 0)
(-8960 7680 0)
(-7680 10240 0)
(-3840 6400 0)
(15360 3840 0)
(1280 -5120 0)
(-10240 -7680 0)
(3840 17920 0)
(-2560 23040 0)
(-1280 26880 0)
(1280 11520 0)
(-6400 16640 0)
(-7680 14080 0)
(-6400 15360 0)
(-3840 10240 0)
(-6400 -5120 0)
(-7680 -10240 0)
(3840 20480 0)
(2560 26880 0)
(-12800 26880 0)
(-11520 12800 0)
(-5120 7680 0)
(-8960 11520 0)
(-7680 12800 0)
(-6400 7680 0)
(-20480 -3840 0)
(-17920 -19200 0)
(8960 10240 0)
(7680 6400 0)
(-14080 8960 0)
(-19200 11520 0)
(-7680 3840 0)
(-5120 -6400 0)
(-11520 0 0)
(-17920 -6400 0)
(-32000 -23040 0)
(-19200 -7680 0)
(2560 5120 0)
(-1280 0 0)
(-6400 -3840 0)
(-16640 6400 0)
(-23040 1280 0)
(-11520 -10240 0)
(-7680 -6400 0)
(-29440 -6400 0)
(-24320 -15360 0)
(-5120 -1280 0)
)
;

boundaryField
{
    left
    {
        type            calculated;
        value           nonuniform List<vector> 10((0 -8960 0) (0 -20480 0) (0 -1280 0) (0 11520 0) (0 -1280 0) (0 0 0) (0 17920 0) (0 20480 0) (0 10240 0) (0 5120 0));
    }
    right
    {
        type            calculated;
        value           nonuniform List<vector> 10((0 0 0) (0 5120 0) (0 11520 0) (0 -6400 0) (0 -11520 0) (0 -7680 0) (0 -10240 0) (0 -19200 0) (0 -7680 0) (0 -1280 0));
    }
    top
    {
        type            calculated;
        value           nonuniform List<vector> 10((2560 0 0) (-1280 0 0) (-6400 0 0) (-16640 0 0) (-23040 0 0) (-11520 0 0) (-7680 0 0) (-29440 0 0) (-24320 0 0) (-5120 0 0));
    }
    bottom
    {
        type            calculated;
        value           nonuniform List<vector> 10((-12800 0 0) (-19200 0 0) (1280 0 0) (2560 0 0) (-20480 0 0) (-15360 0 0) (5120 0 0) (1280 0 0) (7680 0 0) (7680 0 0));
    }
    defaultFaces
    {
        type            empty;
    }
}


// ************************************************************************* //
