/*--------------------------------*- C++ -*----------------------------------*\
| =========                 |                                                 |
| \\      /  F ield         | OpenFOAM: The Open Source CFD Toolbox           |
|  \\    /   O peration     | Version:  2406                                  |
|   \\  /    A nd           | Website:  www.openfoam.com                      |
|    \\/     M anipulation  |                                                 |
\*---------------------------------------------------------------------------*/
FoamFile
{
    version     2.0;
    format      ascii;
    arch        "LSB;label=32;scalar=64";
    class       volVectorField;
    location    "6.85";
    object      flux;
}
// * * * * * * * * * * * * * * * * * * * * * * * * * * * * * * * * * * * * * //

dimensions      [0 1 -1 1 0 0 0];

internalField   nonuniform List<vector> 
100
(
(-1.87905e+10 -1.87905e+10 0)
(-3.48966e+10 -8.05306e+09 0)
(-2.68435e+09 8.05306e+09 0)
(1.07374e+10 1.34218e+10 0)
(-2.41592e+10 0 0)
(-1.61061e+10 -2.68435e+09 0)
(0 0 0)
(0 5.36871e+09 0)
(1.87905e+10 0 0)
(2.14748e+10 -8.05306e+09 0)
(-8.05306e+09 -3.22123e+10 0)
(-5.36871e+09 -8.05306e+09 0)
(1.87905e+10 2.68435e+10 0)
(5.36871e+09 2.95279e+10 0)
(-4.02653e+10 1.07374e+10 0)
(-1.87905e+10 0 0)
(8.05306e+09 1.07374e+10 0)
(-2.68435e+09 1.07374e+10 0)
(8.05306e+09 1.34218e+10 0)
(1.34218e+10 -8.05306e+09 0)
(5.36871e+09 5.36871e+09 0)
(2.41592e+10 1.87905e+10 0)
(3.22123e+10 2.41592e+10 0)
(-5.36871e+09 1.61061e+10 0)
(-5.36871e+10 1.34218e+10 0)
(-1.61061e+10 1.87905e+10 0)
(1.07374e+10 1.07374e+10 0)
(2.68435e+09 0 0)
(0 1.87905e+10 0)
(2.68435e+09 1.07374e+10 0)
(8.05306e+09 2.41592e+10 0)
(1.07374e+10 1.87905e+10 0)
(1.87905e+10 0 0)
(-8.05306e+09 -8.05306e+09 0)
(-3.48966e+10 -8.05306e+09 0)
(-2.41592e+10 5.36871e+09 0)
(-1.07374e+10 -1.07374e+10 0)
(5.36871e+09 -8.05306e+09 0)
(1.61061e+10 5.36871e+09 0)
(8.05306e+09 -5.36871e+09 0)
(-2.68435e+09 0 0)
(0 -5.36871e+09 0)
(8.05306e+09 -2.14748e+10 0)
(-1.61061e+10 -2.14748e+10 0)
(-4.02653e+10 -2.14748e+10 0)
(-2.14748e+10 -1.07374e+10 0)
(5.36871e+09 -1.07374e+10 0)
(1.61061e+10 2.68435e+09 0)
(2.68435e+09 0 0)
(-8.05306e+09 -1.87905e+10 0)
(2.68435e+09 2.68435e+09 0)
(-1.34218e+10 1.07374e+10 0)
(0 -2.68435e+09 0)
(-5.36871e+09 0 0)
(-1.87905e+10 1.34218e+10 0)
(-1.34218e+10 2.41592e+10 0)
(-5.36871e+09 1.61061e+10 0)
(2.14748e+10 2.68435e+09 0)
(-5.36871e+09 -2.68435e+09 0)
(-1.87905e+10 -1.34218e+10 0)
(8.05306e+09 2.68435e+10 0)
(-5.36871e+09 3.7581e+10 0)
(-2.68435e+09 4.29497e+10 0)
(-2.68435e+09 1.87905e+10 0)
(-1.87905e+10 3.22123e+10 0)
(-1.34218e+10 2.95279e+10 0)
(-1.34218e+10 2.41592e+10 0)
(-2.68435e+09 1.34218e+10 0)
(-1.34218e+10 2.68435e+09 0)
(-1.61061e+10 -5.36871e+09 0)
(8.05306e+09 3.48966e+10 0)
(2.68435e+09 3.7581e+10 0)
(-1.61061e+10 4.83184e+10 0)
(-1.61061e+10 2.95279e+10 0)
(-1.34218e+10 2.95279e+10 0)
(-2.14748e+10 2.68435e+10 0)
(-2.14748e+10 1.61061e+10 0)
(0 1.61061e+10 0)
(-2.41592e+10 -8.05306e+09 0)
(-2.68435e+10 -2.41592e+10 0)
(1.61061e+10 1.87905e+10 0)
(1.07374e+10 1.61061e+10 0)
(-1.07374e+10 1.34218e+10 0)
(-2.41592e+10 2.14748e+10 0)
(-1.87905e+10 1.07374e+10 0)
(-2.68435e+10 0 0)
(-2.41592e+10 8.05306e+09 0)
(-2.68435e+10 -5.36871e+09 0)
(-5.10027e+10 -4.29497e+10 0)
(-3.48966e+10 -2.14748e+10 0)
(2.68435e+09 1.34218e+10 0)
(-8.05306e+09 -2.68435e+09 0)
(-5.36871e+09 -8.05306e+09 0)
(-2.14748e+10 5.36871e+09 0)
(-3.22123e+10 -5.36871e+09 0)
(-2.41592e+10 -8.05306e+09 0)
(-2.95279e+10 0 0)
(-5.36871e+10 -1.34218e+10 0)
(-4.02653e+10 -2.95279e+10 0)
(-5.36871e+09 -2.68435e+09 0)
)
;

boundaryField
{
    left
    {
        type            calculated;
        value           nonuniform List<vector> 10((0 -1.87905e+10 0) (0 -3.22123e+10 0) (0 5.36871e+09 0) (0 2.41592e+10 0) (0 0 0) (0 2.68435e+09 0) (0 2.68435e+10 0) (0 3.48966e+10 0) (0 1.87905e+10 0) (0 1.34218e+10 0));
    }
    right
    {
        type            calculated;
        value           nonuniform List<vector> 10((0 -8.05306e+09 0) (0 -8.05306e+09 0) (0 1.07374e+10 0) (0 -5.36871e+09 0) (0 -1.87905e+10 0) (0 -1.34218e+10 0) (0 -5.36871e+09 0) (0 -2.41592e+10 0) (0 -2.14748e+10 0) (0 -2.68435e+09 0));
    }
    top
    {
        type            calculated;
        value           nonuniform List<vector> 10((2.68435e+09 0 0) (-8.05306e+09 0 0) (-5.36871e+09 0 0) (-2.14748e+10 0 0) (-3.22123e+10 0 0) (-2.41592e+10 0 0) (-2.95279e+10 0 0) (-5.36871e+10 0 0) (-4.02653e+10 0 0) (-5.36871e+09 0 0));
    }
    bottom
    {
        type            calculated;
        value           nonuniform List<vector> 10((-1.87905e+10 0 0) (-3.48966e+10 0 0) (-2.68435e+09 0 0) (1.07374e+10 0 0) (-2.41592e+10 0 0) (-1.61061e+10 0 0) (0 0 0) (0 0 0) (1.87905e+10 0 0) (2.14748e+10 0 0));
    }
    defaultFaces
    {
        type            empty;
    }
}


// ************************************************************************* //
