/*--------------------------------*- C++ -*----------------------------------*\
| =========                 |                                                 |
| \\      /  F ield         | OpenFOAM: The Open Source CFD Toolbox           |
|  \\    /   O peration     | Version:  2406                                  |
|   \\  /    A nd           | Website:  www.openfoam.com                      |
|    \\/     M anipulation  |                                                 |
\*---------------------------------------------------------------------------*/
FoamFile
{
    version     2.0;
    format      ascii;
    arch        "LSB;label=32;scalar=64";
    class       volVectorField;
    location    "5.7";
    object      flux;
}
// * * * * * * * * * * * * * * * * * * * * * * * * * * * * * * * * * * * * * //

dimensions      [0 1 -1 1 0 0 0];

internalField   nonuniform List<vector> 
100
(
(-81920 -81920 0)
(-245760 -81920 0)
(-40960 81920 0)
(102400 102400 0)
(-245760 20480 0)
(-204800 0 0)
(61440 20480 0)
(61440 40960 0)
(102400 20480 0)
(122880 -40960 0)
(-61440 -245760 0)
(-61440 -61440 0)
(143360 245760 0)
(20480 245760 0)
(-389120 20480 0)
(-204800 61440 0)
(102400 81920 0)
(61440 61440 0)
(40960 143360 0)
(81920 20480 0)
(102400 0 0)
(225280 61440 0)
(245760 163840 0)
(-81920 81920 0)
(-409600 81920 0)
(-143360 184320 0)
(61440 102400 0)
(122880 0 0)
(40960 122880 0)
(-20480 81920 0)
(0 225280 0)
(102400 81920 0)
(163840 -40960 0)
(-81920 -122880 0)
(-266240 -81920 0)
(-184320 40960 0)
(-81920 -20480 0)
(61440 -61440 0)
(143360 -20480 0)
(40960 -81920 0)
(-40960 0 0)
(0 0 0)
(81920 -184320 0)
(-143360 -184320 0)
(-266240 -163840 0)
(-102400 -20480 0)
(-40960 -81920 0)
(122880 20480 0)
(20480 40960 0)
(-102400 -143360 0)
(0 -40960 0)
(-102400 20480 0)
(-20480 -61440 0)
(-20480 -20480 0)
(-122880 122880 0)
(-102400 143360 0)
(-40960 81920 0)
(184320 61440 0)
(-20480 -61440 0)
(-122880 -40960 0)
(20480 184320 0)
(-40960 225280 0)
(20480 307200 0)
(40960 163840 0)
(-102400 225280 0)
(-122880 204800 0)
(-122880 225280 0)
(0 102400 0)
(-102400 -20480 0)
(-81920 -122880 0)
(40960 286720 0)
(20480 348160 0)
(-102400 368640 0)
(-81920 204800 0)
(-61440 184320 0)
(-122880 184320 0)
(-143360 143360 0)
(-61440 81920 0)
(-245760 -102400 0)
(-225280 -204800 0)
(102400 225280 0)
(40960 163840 0)
(-122880 102400 0)
(-163840 143360 0)
(-122880 40960 0)
(-163840 -40960 0)
(-204800 40960 0)
(-245760 -102400 0)
(-368640 -327680 0)
(-204800 -122880 0)
(-20480 102400 0)
(-102400 0 0)
(-102400 -40960 0)
(-163840 20480 0)
(-225280 -20480 0)
(-143360 -81920 0)
(-184320 -20480 0)
(-430080 -81920 0)
(-286720 -163840 0)
(-40960 -20480 0)
)
;

boundaryField
{
    left
    {
        type            calculated;
        value           nonuniform List<vector> 10((0 -81920 0) (0 -245760 0) (0 0 0) (0 225280 0) (0 0 0) (0 -40960 0) (0 184320 0) (0 286720 0) (0 225280 0) (0 102400 0));
    }
    right
    {
        type            calculated;
        value           nonuniform List<vector> 10((0 -40960 0) (0 20480 0) (0 81920 0) (0 -81920 0) (0 -143360 0) (0 -40960 0) (0 -122880 0) (0 -204800 0) (0 -122880 0) (0 -20480 0));
    }
    top
    {
        type            calculated;
        value           nonuniform List<vector> 10((-20480 0 0) (-102400 0 0) (-102400 0 0) (-163840 0 0) (-225280 0 0) (-143360 0 0) (-184320 0 0) (-430080 0 0) (-286720 0 0) (-40960 0 0));
    }
    bottom
    {
        type            calculated;
        value           nonuniform List<vector> 10((-81920 0 0) (-245760 0 0) (-40960 0 0) (102400 0 0) (-245760 0 0) (-204800 0 0) (61440 0 0) (61440 0 0) (102400 0 0) (122880 0 0));
    }
    defaultFaces
    {
        type            empty;
    }
}


// ************************************************************************* //
