/*--------------------------------*- C++ -*----------------------------------*\
| =========                 |                                                 |
| \\      /  F ield         | OpenFOAM: The Open Source CFD Toolbox           |
|  \\    /   O peration     | Version:  2406                                  |
|   \\  /    A nd           | Website:  www.openfoam.com                      |
|    \\/     M anipulation  |                                                 |
\*---------------------------------------------------------------------------*/
FoamFile
{
    version     2.0;
    format      ascii;
    arch        "LSB;label=32;scalar=64";
    class       volVectorField;
    location    "2.15";
    object      flux;
}
// * * * * * * * * * * * * * * * * * * * * * * * * * * * * * * * * * * * * * //

dimensions      [0 1 -1 1 0 0 0];

internalField   nonuniform List<vector> 
100
(
(-2.04636e-11 -2.04636e-11 0)
(-4.09273e-11 -6.82121e-12 0)
(-9.09495e-12 6.82121e-12 0)
(2.27374e-12 1.81899e-11 0)
(-3.18323e-11 6.82121e-12 0)
(-2.50111e-11 -4.54747e-12 0)
(4.54747e-12 6.82121e-12 0)
(0 6.82121e-12 0)
(1.59162e-11 2.27374e-12 0)
(1.36424e-11 -4.54747e-12 0)
(-9.09495e-12 -4.09273e-11 0)
(-1.13687e-11 -9.09495e-12 0)
(1.59162e-11 3.41061e-11 0)
(4.54747e-12 3.18323e-11 0)
(-5.22959e-11 4.54747e-12 0)
(-2.95586e-11 4.54747e-12 0)
(1.36424e-11 1.36424e-11 0)
(-2.27374e-12 1.36424e-11 0)
(2.27374e-12 2.27374e-11 0)
(1.13687e-11 6.82121e-12 0)
(1.13687e-11 0 0)
(3.18323e-11 1.59162e-11 0)
(2.95586e-11 2.72848e-11 0)
(-2.27374e-11 1.13687e-11 0)
(-6.13909e-11 6.82121e-12 0)
(-1.81899e-11 2.27374e-11 0)
(1.36424e-11 9.09495e-12 0)
(1.13687e-11 -2.27374e-12 0)
(4.54747e-12 2.04636e-11 0)
(-4.54747e-12 2.04636e-11 0)
(1.13687e-11 2.50111e-11 0)
(1.36424e-11 1.36424e-11 0)
(1.13687e-11 -1.36424e-11 0)
(-1.59162e-11 -1.36424e-11 0)
(-3.86535e-11 -9.09495e-12 0)
(-2.72848e-11 4.54747e-12 0)
(-1.13687e-11 -1.13687e-11 0)
(1.13687e-11 -1.13687e-11 0)
(2.50111e-11 2.27374e-12 0)
(1.13687e-11 -6.82121e-12 0)
(-2.27374e-12 -1.13687e-11 0)
(-9.09495e-12 -2.04636e-11 0)
(4.54747e-12 -3.63798e-11 0)
(-2.04636e-11 -2.95586e-11 0)
(-4.09273e-11 -2.50111e-11 0)
(-2.04636e-11 -4.54747e-12 0)
(-2.27374e-12 -1.13687e-11 0)
(2.72848e-11 0 0)
(6.82121e-12 4.54747e-12 0)
(-6.82121e-12 -2.04636e-11 0)
(4.54747e-12 -1.81899e-11 0)
(-1.13687e-11 -4.54747e-12 0)
(0 -9.09495e-12 0)
(-4.54747e-12 -6.82121e-12 0)
(-1.59162e-11 2.04636e-11 0)
(-1.13687e-11 2.95586e-11 0)
(-1.13687e-11 2.04636e-11 0)
(2.95586e-11 1.36424e-11 0)
(4.54747e-12 2.27374e-12 0)
(-1.59162e-11 -4.54747e-12 0)
(9.09495e-12 2.72848e-11 0)
(2.27374e-12 2.72848e-11 0)
(4.54747e-12 3.86535e-11 0)
(6.82121e-12 2.04636e-11 0)
(-6.82121e-12 3.63798e-11 0)
(-1.81899e-11 2.50111e-11 0)
(-1.13687e-11 2.50111e-11 0)
(4.54747e-12 2.50111e-11 0)
(-1.13687e-11 2.27374e-12 0)
(-1.59162e-11 -1.59162e-11 0)
(4.54747e-12 3.41061e-11 0)
(0 4.09273e-11 0)
(-9.09495e-12 4.3201e-11 0)
(-2.27374e-12 2.27374e-11 0)
(-9.09495e-12 2.72848e-11 0)
(-2.50111e-11 2.04636e-11 0)
(-1.13687e-11 2.04636e-11 0)
(-2.27374e-12 1.13687e-11 0)
(-2.95586e-11 -1.81899e-11 0)
(-3.18323e-11 -2.72848e-11 0)
(1.59162e-11 2.04636e-11 0)
(1.13687e-11 1.81899e-11 0)
(-1.36424e-11 1.13687e-11 0)
(-1.13687e-11 1.36424e-11 0)
(-1.59162e-11 0 0)
(-1.81899e-11 -9.09495e-12 0)
(-2.04636e-11 9.09495e-12 0)
(-2.95586e-11 -1.13687e-11 0)
(-5.00222e-11 -3.86535e-11 0)
(-3.18323e-11 -2.04636e-11 0)
(-2.27374e-12 1.59162e-11 0)
(-9.09495e-12 -6.82121e-12 0)
(-4.54747e-12 -4.54747e-12 0)
(-1.81899e-11 2.27374e-12 0)
(-2.50111e-11 -9.09495e-12 0)
(-1.81899e-11 -1.36424e-11 0)
(-1.81899e-11 -4.54747e-12 0)
(-5.00222e-11 -9.09495e-12 0)
(-4.3201e-11 -2.72848e-11 0)
(-1.13687e-11 -6.82121e-12 0)
)
;

boundaryField
{
    left
    {
        type            calculated;
        value           nonuniform List<vector> 10((0 -2.04636e-11 0) (0 -4.09273e-11 0) (0 0 0) (0 2.50111e-11 0) (0 -1.13687e-11 0) (0 -1.81899e-11 0) (0 2.72848e-11 0) (0 3.41061e-11 0) (0 2.04636e-11 0) (0 1.59162e-11 0));
    }
    right
    {
        type            calculated;
        value           nonuniform List<vector> 10((0 -4.54747e-12 0) (0 6.82121e-12 0) (0 2.04636e-11 0) (0 -6.82121e-12 0) (0 -2.04636e-11 0) (0 -4.54747e-12 0) (0 -1.59162e-11 0) (0 -2.72848e-11 0) (0 -2.04636e-11 0) (0 -6.82121e-12 0));
    }
    top
    {
        type            calculated;
        value           nonuniform List<vector> 10((-2.27374e-12 0 0) (-9.09495e-12 0 0) (-4.54747e-12 0 0) (-1.81899e-11 0 0) (-2.50111e-11 0 0) (-1.81899e-11 0 0) (-1.81899e-11 0 0) (-5.00222e-11 0 0) (-4.3201e-11 0 0) (-1.13687e-11 0 0));
    }
    bottom
    {
        type            calculated;
        value           nonuniform List<vector> 10((-2.04636e-11 0 0) (-4.09273e-11 0 0) (-9.09495e-12 0 0) (2.27374e-12 0 0) (-3.18323e-11 0 0) (-2.50111e-11 0 0) (4.54747e-12 0 0) (0 0 0) (1.59162e-11 0 0) (1.36424e-11 0 0));
    }
    defaultFaces
    {
        type            empty;
    }
}


// ************************************************************************* //
