/*--------------------------------*- C++ -*----------------------------------*\
| =========                 |                                                 |
| \\      /  F ield         | OpenFOAM: The Open Source CFD Toolbox           |
|  \\    /   O peration     | Version:  2406                                  |
|   \\  /    A nd           | Website:  www.openfoam.com                      |
|    \\/     M anipulation  |                                                 |
\*---------------------------------------------------------------------------*/
FoamFile
{
    version     2.0;
    format      ascii;
    arch        "LSB;label=32;scalar=64";
    class       volVectorField;
    location    "2.05";
    object      flux;
}
// * * * * * * * * * * * * * * * * * * * * * * * * * * * * * * * * * * * * * //

dimensions      [0 1 -1 1 0 0 0];

internalField   nonuniform List<vector> 
100
(
(-6.82121e-12 -5.68434e-12 0)
(-1.47793e-11 -2.27374e-12 0)
(-3.41061e-12 4.54747e-12 0)
(3.41061e-12 4.54747e-12 0)
(-1.13687e-11 0 0)
(-1.02318e-11 -2.27374e-12 0)
(2.27374e-12 2.27374e-12 0)
(2.27374e-12 2.27374e-12 0)
(4.54747e-12 0 0)
(6.82121e-12 -1.13687e-12 0)
(-2.27374e-12 -1.59162e-11 0)
(-3.41061e-12 -2.27374e-12 0)
(3.41061e-12 1.36424e-11 0)
(-2.27374e-12 1.02318e-11 0)
(-1.81899e-11 1.13687e-12 0)
(-1.02318e-11 0 0)
(7.95808e-12 3.41061e-12 0)
(0 2.27374e-12 0)
(2.27374e-12 7.95808e-12 0)
(4.54747e-12 0 0)
(5.68434e-12 -1.13687e-12 0)
(1.25056e-11 2.27374e-12 0)
(1.02318e-11 5.68434e-12 0)
(-7.95808e-12 5.68434e-12 0)
(-2.27374e-11 3.41061e-12 0)
(-6.82121e-12 1.02318e-11 0)
(5.68434e-12 4.54747e-12 0)
(5.68434e-12 1.13687e-12 0)
(2.27374e-12 1.02318e-11 0)
(-1.13687e-12 7.95808e-12 0)
(2.27374e-12 7.95808e-12 0)
(5.68434e-12 2.27374e-12 0)
(5.68434e-12 -3.41061e-12 0)
(-5.68434e-12 -5.68434e-12 0)
(-1.13687e-11 -3.41061e-12 0)
(-9.09495e-12 3.41061e-12 0)
(-4.54747e-12 -2.27374e-12 0)
(7.95808e-12 -3.41061e-12 0)
(7.95808e-12 0 0)
(2.27374e-12 -2.27374e-12 0)
(-1.13687e-12 -2.27374e-12 0)
(-1.13687e-12 -5.68434e-12 0)
(3.41061e-12 -1.25056e-11 0)
(-7.95808e-12 -9.09495e-12 0)
(-1.36424e-11 -7.95808e-12 0)
(-6.82121e-12 -3.41061e-12 0)
(1.13687e-12 -4.54747e-12 0)
(7.95808e-12 0 0)
(3.41061e-12 1.13687e-12 0)
(-3.41061e-12 -6.82121e-12 0)
(0 -3.41061e-12 0)
(-4.54747e-12 1.13687e-12 0)
(1.13687e-12 -4.54747e-12 0)
(-1.13687e-12 -2.27374e-12 0)
(-5.68434e-12 4.54747e-12 0)
(-5.68434e-12 7.95808e-12 0)
(-1.13687e-12 6.82121e-12 0)
(1.36424e-11 3.41061e-12 0)
(2.27374e-12 0 0)
(-6.82121e-12 -3.41061e-12 0)
(3.41061e-12 9.09495e-12 0)
(-2.27374e-12 1.36424e-11 0)
(0 1.36424e-11 0)
(3.41061e-12 7.95808e-12 0)
(-5.68434e-12 1.25056e-11 0)
(-4.54747e-12 1.02318e-11 0)
(-2.27374e-12 9.09495e-12 0)
(1.13687e-12 6.82121e-12 0)
(-4.54747e-12 -1.13687e-12 0)
(-6.82121e-12 -6.82121e-12 0)
(3.41061e-12 1.02318e-11 0)
(0 1.25056e-11 0)
(-3.41061e-12 1.59162e-11 0)
(-3.41061e-12 6.82121e-12 0)
(-3.41061e-12 6.82121e-12 0)
(-6.82121e-12 9.09495e-12 0)
(-4.54747e-12 7.95808e-12 0)
(1.13687e-12 5.68434e-12 0)
(-1.13687e-11 -4.54747e-12 0)
(-1.13687e-11 -1.13687e-11 0)
(6.82121e-12 9.09495e-12 0)
(3.41061e-12 5.68434e-12 0)
(-5.68434e-12 3.41061e-12 0)
(-6.82121e-12 5.68434e-12 0)
(-3.41061e-12 -1.13687e-12 0)
(-4.54747e-12 -4.54747e-12 0)
(-5.68434e-12 3.41061e-12 0)
(-1.13687e-11 -3.41061e-12 0)
(-2.16005e-11 -1.7053e-11 0)
(-1.25056e-11 -7.95808e-12 0)
(0 5.68434e-12 0)
(-5.68434e-12 -1.13687e-12 0)
(-3.41061e-12 -2.27374e-12 0)
(-7.95808e-12 2.27374e-12 0)
(-1.13687e-11 -3.41061e-12 0)
(-2.27374e-12 -6.82121e-12 0)
(-4.54747e-12 -1.13687e-12 0)
(-1.93268e-11 -4.54747e-12 0)
(-1.59162e-11 -9.09495e-12 0)
(-3.41061e-12 0 0)
)
;

boundaryField
{
    left
    {
        type            calculated;
        value           nonuniform List<vector> 10((0 -5.68434e-12 0) (0 -1.59162e-11 0) (0 -1.13687e-12 0) (0 7.95808e-12 0) (0 -2.27374e-12 0) (0 -3.41061e-12 0) (0 9.09495e-12 0) (0 1.02318e-11 0) (0 9.09495e-12 0) (0 5.68434e-12 0));
    }
    right
    {
        type            calculated;
        value           nonuniform List<vector> 10((0 -1.13687e-12 0) (0 0 0) (0 7.95808e-12 0) (0 -2.27374e-12 0) (0 -6.82121e-12 0) (0 -3.41061e-12 0) (0 -6.82121e-12 0) (0 -1.13687e-11 0) (0 -7.95808e-12 0) (0 0 0));
    }
    top
    {
        type            calculated;
        value           nonuniform List<vector> 10((0 0 0) (-5.68434e-12 0 0) (-3.41061e-12 0 0) (-7.95808e-12 0 0) (-1.13687e-11 0 0) (-2.27374e-12 0 0) (-4.54747e-12 0 0) (-1.93268e-11 0 0) (-1.59162e-11 0 0) (-3.41061e-12 0 0));
    }
    bottom
    {
        type            calculated;
        value           nonuniform List<vector> 10((-6.82121e-12 0 0) (-1.47793e-11 0 0) (-3.41061e-12 0 0) (3.41061e-12 0 0) (-1.13687e-11 0 0) (-1.02318e-11 0 0) (2.27374e-12 0 0) (2.27374e-12 0 0) (4.54747e-12 0 0) (6.82121e-12 0 0));
    }
    defaultFaces
    {
        type            empty;
    }
}


// ************************************************************************* //
