/*--------------------------------*- C++ -*----------------------------------*\
| =========                 |                                                 |
| \\      /  F ield         | OpenFOAM: The Open Source CFD Toolbox           |
|  \\    /   O peration     | Version:  2406                                  |
|   \\  /    A nd           | Website:  www.openfoam.com                      |
|    \\/     M anipulation  |                                                 |
\*---------------------------------------------------------------------------*/
FoamFile
{
    version     2.0;
    format      ascii;
    arch        "LSB;label=32;scalar=64";
    class       volVectorField;
    location    "7.25";
    object      flux;
}
// * * * * * * * * * * * * * * * * * * * * * * * * * * * * * * * * * * * * * //

dimensions      [0 1 -1 1 0 0 0];

internalField   nonuniform List<vector> 
100
(
(-8.58993e+11 -6.87195e+11 0)
(-1.88979e+12 0 0)
(-1.71799e+11 3.43597e+11 0)
(6.87195e+11 8.58993e+11 0)
(-1.37439e+12 0 0)
(-1.37439e+12 -3.43597e+11 0)
(1.71799e+11 -1.71799e+11 0)
(1.71799e+11 0 0)
(8.58993e+11 -3.43597e+11 0)
(6.87195e+11 -3.43597e+11 0)
(-3.43597e+11 -1.88979e+12 0)
(-8.58993e+11 -3.43597e+11 0)
(1.03079e+12 1.88979e+12 0)
(5.15396e+11 1.88979e+12 0)
(-2.92058e+12 3.43597e+11 0)
(-1.37439e+12 -1.71799e+11 0)
(5.15396e+11 5.15396e+11 0)
(-1.71799e+11 1.71799e+11 0)
(3.43597e+11 6.87195e+11 0)
(6.87195e+11 -1.71799e+11 0)
(6.87195e+11 -3.43597e+11 0)
(1.71799e+12 6.87195e+11 0)
(1.71799e+12 1.54619e+12 0)
(-5.15396e+11 8.58993e+11 0)
(-3.43597e+12 6.87195e+11 0)
(-1.20259e+12 1.37439e+12 0)
(6.87195e+11 6.87195e+11 0)
(5.15396e+11 0 0)
(1.71799e+11 1.03079e+12 0)
(-1.71799e+11 5.15396e+11 0)
(6.87195e+11 1.54619e+12 0)
(1.03079e+12 1.03079e+12 0)
(1.20259e+12 -3.43597e+11 0)
(-5.15396e+11 -5.15396e+11 0)
(-2.23338e+12 -5.15396e+11 0)
(-1.54619e+12 3.43597e+11 0)
(-8.58993e+11 -5.15396e+11 0)
(3.43597e+11 -5.15396e+11 0)
(6.87195e+11 -1.71799e+11 0)
(5.15396e+11 -3.43597e+11 0)
(1.71799e+11 3.43597e+11 0)
(0 -3.43597e+11 0)
(3.43597e+11 -1.20259e+12 0)
(-1.03079e+12 -1.54619e+12 0)
(-2.57698e+12 -1.37439e+12 0)
(-1.20259e+12 -3.43597e+11 0)
(-1.71799e+11 -6.87195e+11 0)
(1.03079e+12 0 0)
(3.43597e+11 5.15396e+11 0)
(-6.87195e+11 -1.03079e+12 0)
(3.43597e+11 1.71799e+11 0)
(-3.43597e+11 5.15396e+11 0)
(-3.43597e+11 3.43597e+11 0)
(-5.15396e+11 -3.43597e+11 0)
(-1.03079e+12 1.37439e+12 0)
(-8.58993e+11 1.71799e+12 0)
(-6.87195e+11 8.58993e+11 0)
(1.54619e+12 5.15396e+11 0)
(-1.71799e+11 -3.43597e+11 0)
(-1.20259e+12 -6.87195e+11 0)
(3.43597e+11 1.88979e+12 0)
(-3.43597e+11 2.40518e+12 0)
(-1.71799e+11 2.23338e+12 0)
(1.71799e+11 1.71799e+12 0)
(-6.87195e+11 1.88979e+12 0)
(-1.54619e+12 1.54619e+12 0)
(-1.20259e+12 1.54619e+12 0)
(-3.43597e+11 8.58993e+11 0)
(-8.58993e+11 -1.71799e+11 0)
(-8.58993e+11 -3.43597e+11 0)
(5.15396e+11 1.88979e+12 0)
(1.71799e+11 2.06158e+12 0)
(-1.03079e+12 2.57698e+12 0)
(-8.58993e+11 1.54619e+12 0)
(-1.03079e+12 1.20259e+12 0)
(-1.37439e+12 1.20259e+12 0)
(-1.37439e+12 1.54619e+12 0)
(-3.43597e+11 1.03079e+12 0)
(-1.37439e+12 0 0)
(-1.54619e+12 -1.20259e+12 0)
(1.03079e+12 1.20259e+12 0)
(5.15396e+11 6.87195e+11 0)
(-8.58993e+11 6.87195e+11 0)
(-1.20259e+12 1.20259e+12 0)
(-1.20259e+12 6.87195e+11 0)
(-1.20259e+12 -1.71799e+11 0)
(-1.37439e+12 8.58993e+11 0)
(-1.71799e+12 0 0)
(-2.92058e+12 -2.06158e+12 0)
(-2.06158e+12 -8.58993e+11 0)
(-1.71799e+11 8.58993e+11 0)
(-5.15396e+11 -1.71799e+11 0)
(-3.43597e+11 -1.71799e+11 0)
(-1.03079e+12 3.43597e+11 0)
(-2.23338e+12 0 0)
(-1.37439e+12 -8.58993e+11 0)
(-1.03079e+12 -1.71799e+11 0)
(-3.43597e+12 -5.15396e+11 0)
(-2.23338e+12 -1.54619e+12 0)
(-1.71799e+11 1.71799e+11 0)
)
;

boundaryField
{
    left
    {
        type            calculated;
        value           nonuniform List<vector> 10((0 -6.87195e+11 0) (0 -1.88979e+12 0) (0 -3.43597e+11 0) (0 1.54619e+12 0) (0 3.43597e+11 0) (0 1.71799e+11 0) (0 1.88979e+12 0) (0 1.88979e+12 0) (0 1.20259e+12 0) (0 8.58993e+11 0));
    }
    right
    {
        type            calculated;
        value           nonuniform List<vector> 10((0 -3.43597e+11 0) (0 -1.71799e+11 0) (0 5.15396e+11 0) (0 -3.43597e+11 0) (0 -1.03079e+12 0) (0 -6.87195e+11 0) (0 -3.43597e+11 0) (0 -1.20259e+12 0) (0 -8.58993e+11 0) (0 1.71799e+11 0));
    }
    top
    {
        type            calculated;
        value           nonuniform List<vector> 10((-1.71799e+11 0 0) (-5.15396e+11 0 0) (-3.43597e+11 0 0) (-1.03079e+12 0 0) (-2.23338e+12 0 0) (-1.37439e+12 0 0) (-1.03079e+12 0 0) (-3.43597e+12 0 0) (-2.23338e+12 0 0) (-1.71799e+11 0 0));
    }
    bottom
    {
        type            calculated;
        value           nonuniform List<vector> 10((-8.58993e+11 0 0) (-1.88979e+12 0 0) (-1.71799e+11 0 0) (6.87195e+11 0 0) (-1.37439e+12 0 0) (-1.37439e+12 0 0) (1.71799e+11 0 0) (1.71799e+11 0 0) (8.58993e+11 0 0) (6.87195e+11 0 0));
    }
    defaultFaces
    {
        type            empty;
    }
}


// ************************************************************************* //
