/*--------------------------------*- C++ -*----------------------------------*\
| =========                 |                                                 |
| \\      /  F ield         | OpenFOAM: The Open Source CFD Toolbox           |
|  \\    /   O peration     | Version:  2406                                  |
|   \\  /    A nd           | Website:  www.openfoam.com                      |
|    \\/     M anipulation  |                                                 |
\*---------------------------------------------------------------------------*/
FoamFile
{
    version     2.0;
    format      ascii;
    arch        "LSB;label=32;scalar=64";
    class       volVectorField;
    location    "1.45";
    object      flux;
}
// * * * * * * * * * * * * * * * * * * * * * * * * * * * * * * * * * * * * * //

dimensions      [0 1 -1 1 0 0 0];

internalField   nonuniform List<vector> 
100
(
(-1.55431e-14 -1.55431e-14 0)
(-3.10862e-14 -4.44089e-15 0)
(-4.44089e-15 6.66134e-15 0)
(0 1.55431e-14 0)
(-3.10862e-14 2.22045e-15 0)
(-2.22045e-14 0 0)
(1.33227e-14 0 0)
(1.11022e-14 4.44089e-15 0)
(1.77636e-14 0 0)
(1.33227e-14 -2.22045e-15 0)
(-4.44089e-15 -3.10862e-14 0)
(-8.88178e-15 -8.88178e-15 0)
(1.33227e-14 2.22045e-14 0)
(0 2.44249e-14 0)
(-5.10703e-14 4.44089e-15 0)
(-2.44249e-14 8.88178e-15 0)
(1.77636e-14 8.88178e-15 0)
(1.11022e-14 2.22045e-15 0)
(1.11022e-14 1.11022e-14 0)
(1.11022e-14 0 0)
(8.88178e-15 -4.44089e-15 0)
(2.22045e-14 4.44089e-15 0)
(2.44249e-14 1.11022e-14 0)
(-1.33227e-14 4.44089e-15 0)
(-4.66294e-14 6.66134e-15 0)
(-1.9984e-14 2.66454e-14 0)
(8.88178e-15 8.88178e-15 0)
(1.33227e-14 -2.22045e-15 0)
(1.33227e-14 1.11022e-14 0)
(4.44089e-15 8.88178e-15 0)
(4.44089e-15 1.55431e-14 0)
(8.88178e-15 8.88178e-15 0)
(1.11022e-14 -1.33227e-14 0)
(-6.66134e-15 -1.55431e-14 0)
(-2.66454e-14 -1.11022e-14 0)
(-2.22045e-14 0 0)
(-1.33227e-14 -8.88178e-15 0)
(1.55431e-14 -6.66134e-15 0)
(1.9984e-14 2.22045e-15 0)
(8.88178e-15 -1.11022e-14 0)
(0 -8.88178e-15 0)
(-6.66134e-15 -1.33227e-14 0)
(4.44089e-15 -1.9984e-14 0)
(-1.33227e-14 -2.22045e-14 0)
(-3.10862e-14 -2.22045e-14 0)
(-1.77636e-14 -1.11022e-14 0)
(2.22045e-15 -8.88178e-15 0)
(2.44249e-14 4.44089e-15 0)
(6.66134e-15 2.22045e-15 0)
(-6.66134e-15 -1.77636e-14 0)
(0 -6.66134e-15 0)
(-6.66134e-15 -2.22045e-15 0)
(2.22045e-15 -2.22045e-15 0)
(-6.66134e-15 -2.22045e-15 0)
(-1.55431e-14 1.55431e-14 0)
(-8.88178e-15 1.9984e-14 0)
(2.22045e-15 2.22045e-14 0)
(2.66454e-14 1.33227e-14 0)
(2.22045e-15 -2.22045e-15 0)
(-1.55431e-14 -6.66134e-15 0)
(4.44089e-15 1.11022e-14 0)
(0 2.22045e-14 0)
(4.44089e-15 2.44249e-14 0)
(2.22045e-15 1.11022e-14 0)
(-8.88178e-15 2.66454e-14 0)
(-8.88178e-15 2.66454e-14 0)
(-4.44089e-15 2.44249e-14 0)
(0 1.77636e-14 0)
(-1.33227e-14 0 0)
(-1.11022e-14 -1.11022e-14 0)
(1.11022e-14 1.55431e-14 0)
(6.66134e-15 2.88658e-14 0)
(-8.88178e-15 2.88658e-14 0)
(-4.44089e-15 1.55431e-14 0)
(-2.22045e-15 1.77636e-14 0)
(-1.33227e-14 1.55431e-14 0)
(-4.44089e-15 1.77636e-14 0)
(0 6.66134e-15 0)
(-2.88658e-14 -1.33227e-14 0)
(-2.44249e-14 -2.44249e-14 0)
(1.9984e-14 2.22045e-14 0)
(1.33227e-14 1.55431e-14 0)
(-1.11022e-14 6.66134e-15 0)
(-1.11022e-14 1.33227e-14 0)
(-6.66134e-15 0 0)
(-8.88178e-15 -4.44089e-15 0)
(-1.11022e-14 6.66134e-15 0)
(-2.66454e-14 -1.11022e-14 0)
(-4.44089e-14 -3.55271e-14 0)
(-2.44249e-14 -1.9984e-14 0)
(4.44089e-15 1.33227e-14 0)
(-1.11022e-14 0 0)
(-6.66134e-15 -8.88178e-15 0)
(-8.88178e-15 4.44089e-15 0)
(-1.9984e-14 -4.44089e-15 0)
(-8.88178e-15 -1.11022e-14 0)
(-1.33227e-14 -6.66134e-15 0)
(-4.21885e-14 -1.33227e-14 0)
(-3.55271e-14 -1.9984e-14 0)
(-8.88178e-15 -4.44089e-15 0)
)
;

boundaryField
{
    left
    {
        type            calculated;
        value           nonuniform List<vector> 10((0 -1.55431e-14 0) (0 -3.10862e-14 0) (0 -4.44089e-15 0) (0 1.55431e-14 0) (0 -8.88178e-15 0) (0 -6.66134e-15 0) (0 1.11022e-14 0) (0 1.55431e-14 0) (0 2.22045e-14 0) (0 1.33227e-14 0));
    }
    right
    {
        type            calculated;
        value           nonuniform List<vector> 10((0 -2.22045e-15 0) (0 0 0) (0 8.88178e-15 0) (0 -1.11022e-14 0) (0 -1.77636e-14 0) (0 -6.66134e-15 0) (0 -1.11022e-14 0) (0 -2.44249e-14 0) (0 -1.9984e-14 0) (0 -4.44089e-15 0));
    }
    top
    {
        type            calculated;
        value           nonuniform List<vector> 10((4.44089e-15 0 0) (-1.11022e-14 0 0) (-6.66134e-15 0 0) (-8.88178e-15 0 0) (-1.9984e-14 0 0) (-8.88178e-15 0 0) (-1.33227e-14 0 0) (-4.21885e-14 0 0) (-3.55271e-14 0 0) (-8.88178e-15 0 0));
    }
    bottom
    {
        type            calculated;
        value           nonuniform List<vector> 10((-1.55431e-14 0 0) (-3.10862e-14 0 0) (-4.44089e-15 0 0) (0 0 0) (-3.10862e-14 0 0) (-2.22045e-14 0 0) (1.33227e-14 0 0) (1.11022e-14 0 0) (1.77636e-14 0 0) (1.33227e-14 0 0));
    }
    defaultFaces
    {
        type            empty;
    }
}


// ************************************************************************* //
