/*--------------------------------*- C++ -*----------------------------------*\
| =========                 |                                                 |
| \\      /  F ield         | OpenFOAM: The Open Source CFD Toolbox           |
|  \\    /   O peration     | Version:  2406                                  |
|   \\  /    A nd           | Website:  www.openfoam.com                      |
|    \\/     M anipulation  |                                                 |
\*---------------------------------------------------------------------------*/
FoamFile
{
    version     2.0;
    format      ascii;
    arch        "LSB;label=32;scalar=64";
    class       volVectorField;
    location    "4.85";
    object      flux;
}
// * * * * * * * * * * * * * * * * * * * * * * * * * * * * * * * * * * * * * //

dimensions      [0 1 -1 1 0 0 0];

internalField   nonuniform List<vector> 
100
(
(-20 -12.5 0)
(-37.5 -7.5 0)
(0 10 0)
(12.5 17.5 0)
(-45 2.5 0)
(-37.5 -7.5 0)
(5 0 0)
(2.5 5 0)
(15 2.5 0)
(15 2.5 0)
(-10 -35 0)
(-17.5 0 0)
(27.5 37.5 0)
(5 40 0)
(-72.5 7.5 0)
(-42.5 2.5 0)
(15 15 0)
(7.5 15 0)
(10 22.5 0)
(15 5 0)
(17.5 -5 0)
(35 12.5 0)
(35 32.5 0)
(-17.5 15 0)
(-75 15 0)
(-32.5 32.5 0)
(15 17.5 0)
(10 0 0)
(2.5 17.5 0)
(7.5 17.5 0)
(7.5 30 0)
(22.5 12.5 0)
(25 -12.5 0)
(-12.5 -12.5 0)
(-55 -10 0)
(-42.5 15 0)
(-12.5 -7.5 0)
(12.5 -10 0)
(22.5 10 0)
(12.5 -7.5 0)
(-5 0 0)
(-5 -7.5 0)
(15 -27.5 0)
(-17.5 -27.5 0)
(-52.5 -25 0)
(-27.5 -2.5 0)
(-7.5 -5 0)
(22.5 5 0)
(10 7.5 0)
(-12.5 -22.5 0)
(5 0 0)
(-10 5 0)
(5 0 0)
(-5 -7.5 0)
(-25 12.5 0)
(-27.5 30 0)
(-12.5 22.5 0)
(30 15 0)
(-5 -10 0)
(-15 -17.5 0)
(5 32.5 0)
(-7.5 45 0)
(2.5 45 0)
(-2.5 25 0)
(-20 32.5 0)
(-15 25 0)
(-15 35 0)
(-10 22.5 0)
(-25 0 0)
(-22.5 -20 0)
(10 37.5 0)
(2.5 50 0)
(-7.5 57.5 0)
(-27.5 35 0)
(-22.5 30 0)
(-22.5 22.5 0)
(-17.5 17.5 0)
(-7.5 10 0)
(-45 -10 0)
(-37.5 -35 0)
(20 25 0)
(15 22.5 0)
(-15 17.5 0)
(-35 22.5 0)
(-35 12.5 0)
(-22.5 -7.5 0)
(-22.5 10 0)
(-40 -10 0)
(-67.5 -45 0)
(-45 -22.5 0)
(7.5 17.5 0)
(-7.5 5 0)
(-12.5 -7.5 0)
(-25 7.5 0)
(-47.5 0 0)
(-30 -7.5 0)
(-22.5 -2.5 0)
(-67.5 -10 0)
(-57.5 -27.5 0)
(-15 0 0)
)
;

boundaryField
{
    left
    {
        type            calculated;
        value           nonuniform List<vector> 10((0 -12.5 0) (0 -35 0) (0 -5 0) (0 30 0) (0 0 0) (0 0 0) (0 32.5 0) (0 37.5 0) (0 25 0) (0 17.5 0));
    }
    right
    {
        type            calculated;
        value           nonuniform List<vector> 10((0 2.5 0) (0 5 0) (0 17.5 0) (0 -7.5 0) (0 -22.5 0) (0 -17.5 0) (0 -20 0) (0 -35 0) (0 -22.5 0) (0 0 0));
    }
    top
    {
        type            calculated;
        value           nonuniform List<vector> 10((7.5 0 0) (-7.5 0 0) (-12.5 0 0) (-25 0 0) (-47.5 0 0) (-30 0 0) (-22.5 0 0) (-67.5 0 0) (-57.5 0 0) (-15 0 0));
    }
    bottom
    {
        type            calculated;
        value           nonuniform List<vector> 10((-20 0 0) (-37.5 0 0) (0 0 0) (12.5 0 0) (-45 0 0) (-37.5 0 0) (5 0 0) (2.5 0 0) (15 0 0) (15 0 0));
    }
    defaultFaces
    {
        type            empty;
    }
}


// ************************************************************************* //
