/*--------------------------------*- C++ -*----------------------------------*\
| =========                 |                                                 |
| \\      /  F ield         | OpenFOAM: The Open Source CFD Toolbox           |
|  \\    /   O peration     | Version:  2406                                  |
|   \\  /    A nd           | Website:  www.openfoam.com                      |
|    \\/     M anipulation  |                                                 |
\*---------------------------------------------------------------------------*/
FoamFile
{
    version     2.0;
    format      ascii;
    arch        "LSB;label=32;scalar=64";
    class       volVectorField;
    location    "4.6";
    object      flux;
}
// * * * * * * * * * * * * * * * * * * * * * * * * * * * * * * * * * * * * * //

dimensions      [0 1 -1 1 0 0 0];

internalField   nonuniform List<vector> 
100
(
(-1.71875 -1.71875 0)
(-3.4375 0 0)
(-0.3125 1.25 0)
(0.78125 2.03125 0)
(-3.4375 0.625 0)
(-2.65625 -0.15625 0)
(0.625 0.3125 0)
(0.625 0.15625 0)
(1.40625 0 0)
(1.5625 -0.46875 0)
(-0.3125 -3.4375 0)
(-0.3125 -0.625 0)
(1.71875 2.96875 0)
(0 2.96875 0)
(-5.625 0.78125 0)
(-2.96875 0.15625 0)
(1.09375 0.9375 0)
(0.3125 0.625 0)
(0.78125 1.40625 0)
(1.09375 0 0)
(1.25 -0.3125 0)
(2.8125 0.3125 0)
(3.125 1.71875 0)
(-1.40625 0.625 0)
(-6.09375 0.3125 0)
(-2.65625 2.1875 0)
(1.25 0.625 0)
(1.09375 0 0)
(0.46875 1.25 0)
(0.15625 1.40625 0)
(0.78125 2.34375 0)
(1.71875 1.09375 0)
(2.03125 -0.625 0)
(-1.40625 -1.5625 0)
(-3.59375 -0.9375 0)
(-2.96875 0.15625 0)
(-1.40625 -0.625 0)
(0.78125 -0.78125 0)
(2.1875 0.3125 0)
(1.5625 -0.46875 0)
(-0.15625 -0.46875 0)
(-0.3125 -0.625 0)
(0.78125 -2.5 0)
(-1.875 -2.5 0)
(-4.53125 -2.34375 0)
(-2.1875 -0.9375 0)
(0.46875 -0.625 0)
(2.1875 0.78125 0)
(0.78125 0.78125 0)
(-0.78125 -2.1875 0)
(0.46875 0 0)
(-0.3125 0.3125 0)
(0 -0.3125 0)
(-1.25 -0.15625 0)
(-2.03125 1.5625 0)
(-1.40625 2.5 0)
(0 1.875 0)
(2.5 1.25 0)
(-0.625 -0.15625 0)
(-1.875 -1.09375 0)
(0.46875 2.65625 0)
(-0.46875 3.4375 0)
(0 3.4375 0)
(0 2.03125 0)
(-1.71875 2.96875 0)
(-1.5625 2.8125 0)
(-0.625 3.28125 0)
(0 2.34375 0)
(-1.71875 0.46875 0)
(-1.5625 -0.9375 0)
(1.09375 2.8125 0)
(0.3125 4.0625 0)
(-1.25 4.21875 0)
(-1.5625 2.65625 0)
(-1.40625 2.03125 0)
(-1.09375 2.5 0)
(-0.46875 2.03125 0)
(-0.9375 1.25 0)
(-3.59375 -1.09375 0)
(-3.125 -2.96875 0)
(1.71875 2.65625 0)
(1.25 1.5625 0)
(-1.40625 2.03125 0)
(-2.5 1.875 0)
(-1.875 0.9375 0)
(-1.40625 -0.46875 0)
(-1.71875 0.46875 0)
(-3.125 -1.25 0)
(-5.625 -4.21875 0)
(-3.4375 -2.03125 0)
(0 1.5625 0)
(-0.46875 -0.15625 0)
(-0.46875 0.15625 0)
(-2.8125 0.46875 0)
(-3.59375 -0.15625 0)
(-2.03125 -1.40625 0)
(-1.40625 -0.625 0)
(-5.15625 -1.40625 0)
(-4.6875 -2.5 0)
(-0.9375 -0.15625 0)
)
;

boundaryField
{
    left
    {
        type            calculated;
        value           nonuniform List<vector> 10((0 -1.71875 0) (0 -3.4375 0) (0 -0.3125 0) (0 2.34375 0) (0 -0.46875 0) (0 0 0) (0 2.65625 0) (0 2.8125 0) (0 2.65625 0) (0 1.5625 0));
    }
    right
    {
        type            calculated;
        value           nonuniform List<vector> 10((0 -0.46875 0) (0 0 0) (0 1.40625 0) (0 -0.46875 0) (0 -2.1875 0) (0 -1.09375 0) (0 -0.9375 0) (0 -2.96875 0) (0 -2.03125 0) (0 -0.15625 0));
    }
    top
    {
        type            calculated;
        value           nonuniform List<vector> 10((0 0 0) (-0.46875 0 0) (-0.46875 0 0) (-2.8125 0 0) (-3.59375 0 0) (-2.03125 0 0) (-1.40625 0 0) (-5.15625 0 0) (-4.6875 0 0) (-0.9375 0 0));
    }
    bottom
    {
        type            calculated;
        value           nonuniform List<vector> 10((-1.71875 0 0) (-3.4375 0 0) (-0.3125 0 0) (0.78125 0 0) (-3.4375 0 0) (-2.65625 0 0) (0.625 0 0) (0.625 0 0) (1.40625 0 0) (1.5625 0 0));
    }
    defaultFaces
    {
        type            empty;
    }
}


// ************************************************************************* //
