/*--------------------------------*- C++ -*----------------------------------*\
| =========                 |                                                 |
| \\      /  F ield         | OpenFOAM: The Open Source CFD Toolbox           |
|  \\    /   O peration     | Version:  2406                                  |
|   \\  /    A nd           | Website:  www.openfoam.com                      |
|    \\/     M anipulation  |                                                 |
\*---------------------------------------------------------------------------*/
FoamFile
{
    version     2.0;
    format      ascii;
    arch        "LSB;label=32;scalar=64";
    class       volVectorField;
    location    "5.5";
    object      flux;
}
// * * * * * * * * * * * * * * * * * * * * * * * * * * * * * * * * * * * * * //

dimensions      [0 1 -1 1 0 0 0];

internalField   nonuniform List<vector> 
100
(
(-20480 -15360 0)
(-33280 2560 0)
(5120 10240 0)
(7680 15360 0)
(-38400 2560 0)
(-28160 -2560 0)
(12800 2560 0)
(7680 5120 0)
(7680 2560 0)
(12800 2560 0)
(0 -33280 0)
(-10240 0 0)
(17920 35840 0)
(5120 30720 0)
(-56320 5120 0)
(-33280 15360 0)
(17920 12800 0)
(7680 7680 0)
(7680 17920 0)
(12800 7680 0)
(15360 0 0)
(33280 0 0)
(33280 15360 0)
(-20480 0 0)
(-56320 7680 0)
(-17920 25600 0)
(7680 12800 0)
(12800 0 0)
(5120 17920 0)
(2560 20480 0)
(0 23040 0)
(10240 5120 0)
(15360 -23040 0)
(-2560 -20480 0)
(-30720 -5120 0)
(-28160 7680 0)
(-10240 0 0)
(15360 -5120 0)
(30720 5120 0)
(15360 -7680 0)
(-2560 -5120 0)
(-10240 0 0)
(7680 -17920 0)
(-2560 -17920 0)
(-28160 -20480 0)
(-17920 0 0)
(0 -5120 0)
(17920 2560 0)
(0 2560 0)
(-12800 -23040 0)
(5120 -2560 0)
(-10240 12800 0)
(-2560 2560 0)
(-5120 -2560 0)
(-10240 10240 0)
(-10240 15360 0)
(-10240 15360 0)
(23040 7680 0)
(5120 -5120 0)
(-12800 -7680 0)
(12800 33280 0)
(-5120 38400 0)
(-5120 43520 0)
(2560 20480 0)
(-12800 25600 0)
(-7680 20480 0)
(-7680 28160 0)
(-5120 23040 0)
(-12800 -2560 0)
(-17920 -23040 0)
(10240 38400 0)
(2560 38400 0)
(-23040 48640 0)
(-20480 20480 0)
(-7680 20480 0)
(-12800 20480 0)
(-7680 15360 0)
(-7680 12800 0)
(-38400 -10240 0)
(-33280 -30720 0)
(12800 17920 0)
(7680 15360 0)
(-20480 12800 0)
(-30720 20480 0)
(-12800 7680 0)
(-12800 -7680 0)
(-15360 0 0)
(-30720 -17920 0)
(-56320 -43520 0)
(-35840 -20480 0)
(5120 7680 0)
(-2560 0 0)
(-12800 -2560 0)
(-28160 7680 0)
(-35840 0 0)
(-20480 -15360 0)
(-15360 -7680 0)
(-51200 -15360 0)
(-43520 -28160 0)
(-10240 -2560 0)
)
;

boundaryField
{
    left
    {
        type            calculated;
        value           nonuniform List<vector> 10((0 -15360 0) (0 -33280 0) (0 0 0) (0 23040 0) (0 -5120 0) (0 -2560 0) (0 33280 0) (0 38400 0) (0 17920 0) (0 7680 0));
    }
    right
    {
        type            calculated;
        value           nonuniform List<vector> 10((0 2560 0) (0 7680 0) (0 20480 0) (0 -7680 0) (0 -23040 0) (0 -7680 0) (0 -23040 0) (0 -30720 0) (0 -20480 0) (0 -2560 0));
    }
    top
    {
        type            calculated;
        value           nonuniform List<vector> 10((5120 0 0) (-2560 0 0) (-12800 0 0) (-28160 0 0) (-35840 0 0) (-20480 0 0) (-15360 0 0) (-51200 0 0) (-43520 0 0) (-10240 0 0));
    }
    bottom
    {
        type            calculated;
        value           nonuniform List<vector> 10((-20480 0 0) (-33280 0 0) (5120 0 0) (7680 0 0) (-38400 0 0) (-28160 0 0) (12800 0 0) (7680 0 0) (7680 0 0) (12800 0 0));
    }
    defaultFaces
    {
        type            empty;
    }
}


// ************************************************************************* //
