/*--------------------------------*- C++ -*----------------------------------*\
| =========                 |                                                 |
| \\      /  F ield         | OpenFOAM: The Open Source CFD Toolbox           |
|  \\    /   O peration     | Version:  2406                                  |
|   \\  /    A nd           | Website:  www.openfoam.com                      |
|    \\/     M anipulation  |                                                 |
\*---------------------------------------------------------------------------*/
FoamFile
{
    version     2.0;
    format      ascii;
    arch        "LSB;label=32;scalar=64";
    class       volVectorField;
    location    "8.6";
    object      flux;
}
// * * * * * * * * * * * * * * * * * * * * * * * * * * * * * * * * * * * * * //

dimensions      [0 1 -1 1 0 0 0];

internalField   nonuniform List<vector> 
100
(
(-1.44115e+18 -1.26101e+18 0)
(-2.52202e+18 -1.80144e+17 0)
(-5.40432e+17 3.60288e+17 0)
(0 9.0072e+17 0)
(-1.6213e+18 5.40432e+17 0)
(-1.44115e+18 -3.60288e+17 0)
(-5.40432e+17 3.60288e+17 0)
(0 5.40432e+17 0)
(3.60288e+17 1.80144e+17 0)
(7.20576e+17 1.80144e+17 0)
(-1.80144e+17 -2.34187e+18 0)
(-7.20576e+17 -3.60288e+17 0)
(7.20576e+17 1.98158e+18 0)
(0 2.16173e+18 0)
(-2.8823e+18 7.20576e+17 0)
(-1.6213e+18 0 0)
(1.80144e+17 9.0072e+17 0)
(-3.60288e+17 7.20576e+17 0)
(1.80144e+17 1.08086e+18 0)
(7.20576e+17 3.60288e+17 0)
(3.60288e+17 -1.80144e+17 0)
(1.6213e+18 5.40432e+17 0)
(1.80144e+18 1.26101e+18 0)
(-1.08086e+18 9.0072e+17 0)
(-3.60288e+18 7.20576e+17 0)
(-1.44115e+18 1.26101e+18 0)
(5.40432e+17 7.20576e+17 0)
(0 0 0)
(1.80144e+17 1.08086e+18 0)
(0 9.0072e+17 0)
(5.40432e+17 1.26101e+18 0)
(7.20576e+17 7.20576e+17 0)
(1.08086e+18 -7.20576e+17 0)
(-7.20576e+17 -7.20576e+17 0)
(-2.34187e+18 -7.20576e+17 0)
(-1.80144e+18 3.60288e+17 0)
(-1.26101e+18 -5.40432e+17 0)
(0 -7.20576e+17 0)
(1.26101e+18 0 0)
(7.20576e+17 -5.40432e+17 0)
(-1.80144e+17 0 0)
(-3.60288e+17 -5.40432e+17 0)
(5.40432e+17 -1.44115e+18 0)
(-1.08086e+18 -1.6213e+18 0)
(-2.70216e+18 -1.26101e+18 0)
(-1.26101e+18 -3.60288e+17 0)
(-1.80144e+17 -5.40432e+17 0)
(3.60288e+17 1.80144e+17 0)
(1.80144e+17 5.40432e+17 0)
(-5.40432e+17 -1.08086e+18 0)
(1.80144e+17 0 0)
(-9.0072e+17 5.40432e+17 0)
(0 1.80144e+17 0)
(-5.40432e+17 0 0)
(-1.08086e+18 1.26101e+18 0)
(-7.20576e+17 1.6213e+18 0)
(-1.08086e+18 9.0072e+17 0)
(1.26101e+18 3.60288e+17 0)
(0 0 0)
(-9.0072e+17 -1.80144e+17 0)
(3.60288e+17 1.44115e+18 0)
(-1.80144e+17 2.16173e+18 0)
(0 2.8823e+18 0)
(0 1.80144e+18 0)
(-9.0072e+17 2.34187e+18 0)
(-1.6213e+18 1.6213e+18 0)
(-1.44115e+18 1.6213e+18 0)
(-5.40432e+17 1.08086e+18 0)
(-3.60288e+17 1.80144e+17 0)
(-7.20576e+17 -5.40432e+17 0)
(7.20576e+17 1.6213e+18 0)
(5.40432e+17 2.34187e+18 0)
(-5.40432e+17 3.06245e+18 0)
(-1.08086e+18 1.6213e+18 0)
(-9.0072e+17 1.44115e+18 0)
(-1.80144e+18 1.80144e+18 0)
(-1.44115e+18 1.6213e+18 0)
(-1.80144e+17 1.6213e+18 0)
(-1.6213e+18 -3.60288e+17 0)
(-1.80144e+18 -1.6213e+18 0)
(1.08086e+18 1.80144e+18 0)
(1.26101e+18 9.0072e+17 0)
(-7.20576e+17 1.08086e+18 0)
(-1.6213e+18 1.26101e+18 0)
(-1.26101e+18 7.20576e+17 0)
(-1.26101e+18 1.80144e+17 0)
(-1.6213e+18 1.08086e+18 0)
(-2.16173e+18 1.80144e+17 0)
(-3.60288e+18 -2.52202e+18 0)
(-2.16173e+18 -1.44115e+18 0)
(0 9.0072e+17 0)
(0 0 0)
(-1.80144e+17 -1.80144e+17 0)
(-1.44115e+18 3.60288e+17 0)
(-1.98158e+18 0 0)
(-1.44115e+18 -5.40432e+17 0)
(-1.6213e+18 -1.80144e+17 0)
(-3.96317e+18 -5.40432e+17 0)
(-3.24259e+18 -1.80144e+18 0)
(-3.60288e+17 0 0)
)
;

boundaryField
{
    left
    {
        type            calculated;
        value           nonuniform List<vector> 10((0 -1.26101e+18 0) (0 -2.34187e+18 0) (0 -1.80144e+17 0) (0 1.26101e+18 0) (0 0 0) (0 0 0) (0 1.44115e+18 0) (0 1.6213e+18 0) (0 1.80144e+18 0) (0 9.0072e+17 0));
    }
    right
    {
        type            calculated;
        value           nonuniform List<vector> 10((0 1.80144e+17 0) (0 3.60288e+17 0) (0 9.0072e+17 0) (0 -5.40432e+17 0) (0 -1.08086e+18 0) (0 -1.80144e+17 0) (0 -5.40432e+17 0) (0 -1.6213e+18 0) (0 -1.44115e+18 0) (0 0 0));
    }
    top
    {
        type            calculated;
        value           nonuniform List<vector> 10((0 0 0) (0 0 0) (-1.80144e+17 0 0) (-1.44115e+18 0 0) (-1.98158e+18 0 0) (-1.44115e+18 0 0) (-1.6213e+18 0 0) (-3.96317e+18 0 0) (-3.24259e+18 0 0) (-3.60288e+17 0 0));
    }
    bottom
    {
        type            calculated;
        value           nonuniform List<vector> 10((-1.44115e+18 0 0) (-2.52202e+18 0 0) (-5.40432e+17 0 0) (0 0 0) (-1.6213e+18 0 0) (-1.44115e+18 0 0) (-5.40432e+17 0 0) (0 0 0) (3.60288e+17 0 0) (7.20576e+17 0 0));
    }
    defaultFaces
    {
        type            empty;
    }
}


// ************************************************************************* //
