/*--------------------------------*- C++ -*----------------------------------*\
| =========                 |                                                 |
| \\      /  F ield         | OpenFOAM: The Open Source CFD Toolbox           |
|  \\    /   O peration     | Version:  2406                                  |
|   \\  /    A nd           | Website:  www.openfoam.com                      |
|    \\/     M anipulation  |                                                 |
\*---------------------------------------------------------------------------*/
FoamFile
{
    version     2.0;
    format      ascii;
    arch        "LSB;label=32;scalar=64";
    class       volVectorField;
    location    "9.65";
    object      flux;
}
// * * * * * * * * * * * * * * * * * * * * * * * * * * * * * * * * * * * * * //

dimensions      [0 1 -1 1 0 0 0];

internalField   nonuniform List<vector> 
100
(
(-5.90296e+22 -4.13207e+22 0)
(-1.29865e+23 -2.36118e+22 0)
(-2.36118e+22 3.54177e+22 0)
(1.18059e+22 4.72237e+22 0)
(-9.44473e+22 1.18059e+22 0)
(-8.26414e+22 -5.90296e+21 0)
(-5.90296e+21 1.77089e+22 0)
(0 2.36118e+22 0)
(2.36118e+22 5.90296e+21 0)
(3.54177e+22 5.90296e+21 0)
(-3.54177e+22 -1.06253e+23 0)
(-4.13207e+22 -5.90296e+21 0)
(4.13207e+22 1.06253e+23 0)
(-2.36118e+22 1.0035e+23 0)
(-1.47574e+23 2.95148e+22 0)
(-7.08355e+22 1.18059e+22 0)
(1.77089e+22 3.54177e+22 0)
(-5.90296e+21 3.54177e+22 0)
(5.90296e+21 6.49325e+22 0)
(4.13207e+22 2.95148e+22 0)
(4.13207e+22 0 0)
(8.26414e+22 5.31266e+22 0)
(8.26414e+22 7.67385e+22 0)
(-7.08355e+22 4.13207e+22 0)
(-1.71186e+23 5.90296e+22 0)
(-7.08355e+22 7.08355e+22 0)
(2.36118e+22 4.72237e+22 0)
(1.77089e+22 1.18059e+22 0)
(0 5.90296e+22 0)
(5.90296e+21 6.49325e+22 0)
(1.77089e+22 8.26414e+22 0)
(3.54177e+22 4.13207e+22 0)
(2.95148e+22 -2.95148e+22 0)
(-3.54177e+22 -4.13207e+22 0)
(-1.12156e+23 -2.36118e+22 0)
(-1.0035e+23 1.77089e+22 0)
(-4.72237e+22 -1.18059e+22 0)
(1.77089e+22 -1.77089e+22 0)
(6.49325e+22 3.54177e+22 0)
(4.13207e+22 -1.18059e+22 0)
(-1.18059e+22 0 0)
(-2.36118e+22 -5.90296e+21 0)
(0 -5.31266e+22 0)
(-6.49325e+22 -5.31266e+22 0)
(-1.23962e+23 -6.49325e+22 0)
(-5.90296e+22 -1.18059e+22 0)
(-5.90296e+21 -2.36118e+22 0)
(5.90296e+22 2.36118e+22 0)
(1.77089e+22 1.77089e+22 0)
(-4.13207e+22 -6.49325e+22 0)
(1.18059e+22 5.90296e+21 0)
(-3.54177e+22 1.77089e+22 0)
(-5.90296e+21 0 0)
(-4.72237e+22 2.95148e+22 0)
(-7.67385e+22 7.08355e+22 0)
(-5.31266e+22 8.26414e+22 0)
(-1.18059e+22 5.31266e+22 0)
(5.90296e+22 2.95148e+22 0)
(-1.77089e+22 -1.77089e+22 0)
(-5.31266e+22 -2.95148e+22 0)
(0 5.31266e+22 0)
(-2.36118e+22 7.08355e+22 0)
(5.90296e+21 9.44473e+22 0)
(1.18059e+22 6.49325e+22 0)
(-6.49325e+22 1.18059e+23 0)
(-7.08355e+22 1.0035e+23 0)
(-5.31266e+22 8.26414e+22 0)
(-2.36118e+22 5.90296e+22 0)
(-4.72237e+22 1.18059e+22 0)
(-5.31266e+22 -2.95148e+22 0)
(2.95148e+22 5.90296e+22 0)
(1.18059e+22 1.0035e+23 0)
(-1.77089e+22 1.23962e+23 0)
(-2.36118e+22 5.31266e+22 0)
(-4.72237e+22 5.90296e+22 0)
(-8.26414e+22 7.08355e+22 0)
(-7.08355e+22 6.49325e+22 0)
(-1.18059e+22 4.13207e+22 0)
(-1.06253e+23 -1.18059e+22 0)
(-8.85444e+22 -6.49325e+22 0)
(5.31266e+22 7.08355e+22 0)
(2.95148e+22 3.54177e+22 0)
(-2.95148e+22 2.95148e+22 0)
(-5.90296e+22 2.36118e+22 0)
(-4.72237e+22 1.18059e+22 0)
(-7.08355e+22 -1.18059e+22 0)
(-8.26414e+22 2.36118e+22 0)
(-8.26414e+22 -2.36118e+22 0)
(-1.41671e+23 -1.06253e+23 0)
(-1.0035e+23 -2.95148e+22 0)
(-5.90296e+21 4.13207e+22 0)
(-2.36118e+22 -5.90296e+21 0)
(-2.95148e+22 -2.36118e+22 0)
(-4.72237e+22 0 0)
(-8.26414e+22 -1.18059e+22 0)
(-7.67385e+22 -4.13207e+22 0)
(-6.49325e+22 -1.18059e+22 0)
(-1.53477e+23 -2.95148e+22 0)
(-1.12156e+23 -6.49325e+22 0)
(-2.95148e+22 -5.90296e+21 0)
)
;

boundaryField
{
    left
    {
        type            calculated;
        value           nonuniform List<vector> 10((0 -4.13207e+22 0) (0 -1.06253e+23 0) (0 0 0) (0 8.26414e+22 0) (0 0 0) (0 5.90296e+21 0) (0 5.31266e+22 0) (0 5.90296e+22 0) (0 7.08355e+22 0) (0 4.13207e+22 0));
    }
    right
    {
        type            calculated;
        value           nonuniform List<vector> 10((0 5.90296e+21 0) (0 2.95148e+22 0) (0 6.49325e+22 0) (0 -1.18059e+22 0) (0 -6.49325e+22 0) (0 -2.95148e+22 0) (0 -2.95148e+22 0) (0 -6.49325e+22 0) (0 -2.95148e+22 0) (0 -5.90296e+21 0));
    }
    top
    {
        type            calculated;
        value           nonuniform List<vector> 10((-5.90296e+21 0 0) (-2.36118e+22 0 0) (-2.95148e+22 0 0) (-4.72237e+22 0 0) (-8.26414e+22 0 0) (-7.67385e+22 0 0) (-6.49325e+22 0 0) (-1.53477e+23 0 0) (-1.12156e+23 0 0) (-2.95148e+22 0 0));
    }
    bottom
    {
        type            calculated;
        value           nonuniform List<vector> 10((-5.90296e+22 0 0) (-1.29865e+23 0 0) (-2.36118e+22 0 0) (1.18059e+22 0 0) (-9.44473e+22 0 0) (-8.26414e+22 0 0) (-5.90296e+21 0 0) (0 0 0) (2.36118e+22 0 0) (3.54177e+22 0 0));
    }
    defaultFaces
    {
        type            empty;
    }
}


// ************************************************************************* //
