/*--------------------------------*- C++ -*----------------------------------*\
| =========                 |                                                 |
| \\      /  F ield         | OpenFOAM: The Open Source CFD Toolbox           |
|  \\    /   O peration     | Version:  2406                                  |
|   \\  /    A nd           | Website:  www.openfoam.com                      |
|    \\/     M anipulation  |                                                 |
\*---------------------------------------------------------------------------*/
FoamFile
{
    version     2.0;
    format      ascii;
    arch        "LSB;label=32;scalar=64";
    class       volVectorField;
    location    "7.95";
    object      flux;
}
// * * * * * * * * * * * * * * * * * * * * * * * * * * * * * * * * * * * * * //

dimensions      [0 1 -1 1 0 0 0];

internalField   nonuniform List<vector> 
100
(
(-1.40737e+15 -1.40737e+15 0)
(-2.46291e+15 -3.51844e+14 0)
(0 7.03687e+14 0)
(5.27766e+14 1.05553e+15 0)
(-2.81475e+15 1.75922e+14 0)
(-2.11106e+15 -5.27766e+14 0)
(1.75922e+14 -1.75922e+14 0)
(0 1.75922e+14 0)
(7.03687e+14 -1.75922e+14 0)
(1.05553e+15 -1.75922e+14 0)
(-5.27766e+14 -2.28698e+15 0)
(-1.75922e+14 -1.75922e+14 0)
(1.23145e+15 2.11106e+15 0)
(0 2.46291e+15 0)
(-4.22212e+15 5.27766e+14 0)
(-2.46291e+15 3.51844e+14 0)
(7.03687e+14 8.79609e+14 0)
(0 3.51844e+14 0)
(3.51844e+14 1.05553e+15 0)
(1.05553e+15 1.75922e+14 0)
(8.79609e+14 5.27766e+14 0)
(1.93514e+15 1.40737e+15 0)
(2.46291e+15 1.5833e+15 0)
(-1.23145e+15 1.23145e+15 0)
(-4.92581e+15 8.79609e+14 0)
(-1.93514e+15 2.11106e+15 0)
(5.27766e+14 1.05553e+15 0)
(3.51844e+14 3.51844e+14 0)
(1.75922e+14 1.93514e+15 0)
(5.27766e+14 8.79609e+14 0)
(5.27766e+14 2.46291e+15 0)
(5.27766e+14 1.05553e+15 0)
(1.23145e+15 -1.75922e+14 0)
(-7.03687e+14 -1.40737e+15 0)
(-2.99067e+15 -1.75922e+14 0)
(-2.46291e+15 8.79609e+14 0)
(-1.23145e+15 -3.51844e+14 0)
(5.27766e+14 0 0)
(1.23145e+15 1.05553e+15 0)
(1.75922e+14 -3.51844e+14 0)
(-3.51844e+14 0 0)
(-8.79609e+14 -3.51844e+14 0)
(1.75922e+14 -1.75922e+15 0)
(-1.40737e+15 -1.75922e+15 0)
(-2.81475e+15 -1.93514e+15 0)
(-2.11106e+15 0 0)
(-1.75922e+14 -5.27766e+14 0)
(1.75922e+15 0 0)
(-1.75922e+14 5.27766e+14 0)
(-1.40737e+15 -1.23145e+15 0)
(1.75922e+14 -7.03687e+14 0)
(-1.05553e+15 0 0)
(-3.51844e+14 -5.27766e+14 0)
(-3.51844e+14 1.75922e+14 0)
(-1.40737e+15 1.40737e+15 0)
(-1.40737e+15 2.28698e+15 0)
(-1.05553e+15 2.11106e+15 0)
(1.75922e+15 8.79609e+14 0)
(0 -3.51844e+14 0)
(-1.40737e+15 -1.75922e+14 0)
(1.75922e+14 2.28698e+15 0)
(-5.27766e+14 2.46291e+15 0)
(3.51844e+14 2.99067e+15 0)
(1.75922e+14 1.75922e+15 0)
(-8.79609e+14 2.63883e+15 0)
(-1.40737e+15 2.11106e+15 0)
(-1.23145e+15 2.28698e+15 0)
(-5.27766e+14 1.75922e+15 0)
(-1.40737e+15 3.51844e+14 0)
(-1.5833e+15 -8.79609e+14 0)
(3.51844e+14 2.28698e+15 0)
(-3.51844e+14 3.16659e+15 0)
(-8.79609e+14 3.87028e+15 0)
(-8.79609e+14 1.75922e+15 0)
(-7.03687e+14 1.5833e+15 0)
(-1.5833e+15 1.75922e+15 0)
(-1.5833e+15 1.93514e+15 0)
(-5.27766e+14 1.5833e+15 0)
(-2.46291e+15 -5.27766e+14 0)
(-2.63883e+15 -1.75922e+15 0)
(1.40737e+15 1.5833e+15 0)
(8.79609e+14 1.23145e+15 0)
(-8.79609e+14 1.05553e+15 0)
(-2.11106e+15 1.5833e+15 0)
(-1.05553e+15 8.79609e+14 0)
(-8.79609e+14 1.75922e+14 0)
(-1.93514e+15 1.40737e+15 0)
(-2.63883e+15 0 0)
(-4.39805e+15 -2.46291e+15 0)
(-2.99067e+15 -1.40737e+15 0)
(0 1.05553e+15 0)
(-8.79609e+14 0 0)
(-5.27766e+14 -7.03687e+14 0)
(-8.79609e+14 7.03687e+14 0)
(-1.93514e+15 5.27766e+14 0)
(-1.40737e+15 -3.51844e+14 0)
(-1.75922e+15 0 0)
(-4.57397e+15 -7.03687e+14 0)
(-3.69436e+15 -1.75922e+15 0)
(-1.23145e+15 1.75922e+14 0)
)
;

boundaryField
{
    left
    {
        type            calculated;
        value           nonuniform List<vector> 10((0 -1.40737e+15 0) (0 -2.28698e+15 0) (0 5.27766e+14 0) (0 2.46291e+15 0) (0 0 0) (0 -7.03687e+14 0) (0 2.28698e+15 0) (0 2.28698e+15 0) (0 1.5833e+15 0) (0 1.05553e+15 0));
    }
    right
    {
        type            calculated;
        value           nonuniform List<vector> 10((0 -1.75922e+14 0) (0 1.75922e+14 0) (0 8.79609e+14 0) (0 -3.51844e+14 0) (0 -1.23145e+15 0) (0 -1.75922e+14 0) (0 -8.79609e+14 0) (0 -1.75922e+15 0) (0 -1.40737e+15 0) (0 1.75922e+14 0));
    }
    top
    {
        type            calculated;
        value           nonuniform List<vector> 10((0 0 0) (-8.79609e+14 0 0) (-5.27766e+14 0 0) (-8.79609e+14 0 0) (-1.93514e+15 0 0) (-1.40737e+15 0 0) (-1.75922e+15 0 0) (-4.57397e+15 0 0) (-3.69436e+15 0 0) (-1.23145e+15 0 0));
    }
    bottom
    {
        type            calculated;
        value           nonuniform List<vector> 10((-1.40737e+15 0 0) (-2.46291e+15 0 0) (0 0 0) (5.27766e+14 0 0) (-2.81475e+15 0 0) (-2.11106e+15 0 0) (1.75922e+14 0 0) (0 0 0) (7.03687e+14 0 0) (1.05553e+15 0 0));
    }
    defaultFaces
    {
        type            empty;
    }
}


// ************************************************************************* //
