/*--------------------------------*- C++ -*----------------------------------*\
| =========                 |                                                 |
| \\      /  F ield         | OpenFOAM: The Open Source CFD Toolbox           |
|  \\    /   O peration     | Version:  2406                                  |
|   \\  /    A nd           | Website:  www.openfoam.com                      |
|    \\/     M anipulation  |                                                 |
\*---------------------------------------------------------------------------*/
FoamFile
{
    version     2.0;
    format      ascii;
    arch        "LSB;label=32;scalar=64";
    class       volVectorField;
    location    "3.35";
    object      flux;
}
// * * * * * * * * * * * * * * * * * * * * * * * * * * * * * * * * * * * * * //

dimensions      [0 1 -1 1 0 0 0];

internalField   nonuniform List<vector> 
100
(
(-3.57628e-06 -3.57628e-06 0)
(-8.9407e-06 -1.19209e-06 0)
(-5.96046e-07 1.78814e-06 0)
(2.38419e-06 2.98023e-06 0)
(-7.7486e-06 0 0)
(-7.7486e-06 -5.96046e-07 0)
(1.19209e-06 5.96046e-07 0)
(1.19209e-06 0 0)
(1.19209e-06 -5.96046e-07 0)
(1.78814e-06 -5.96046e-07 0)
(-1.78814e-06 -1.07288e-05 0)
(-2.98023e-06 -2.38419e-06 0)
(4.76837e-06 5.96046e-06 0)
(1.19209e-06 6.55651e-06 0)
(-1.3113e-05 0 0)
(-7.15256e-06 0 0)
(2.98023e-06 2.98023e-06 0)
(0 1.78814e-06 0)
(-5.96046e-07 2.98023e-06 0)
(2.38419e-06 0 0)
(4.17233e-06 -1.19209e-06 0)
(7.7486e-06 1.19209e-06 0)
(7.7486e-06 4.17233e-06 0)
(-4.17233e-06 1.19209e-06 0)
(-1.37091e-05 0 0)
(-4.17233e-06 4.17233e-06 0)
(2.38419e-06 2.38419e-06 0)
(1.19209e-06 -1.78814e-06 0)
(-5.96046e-07 3.57628e-06 0)
(-5.96046e-07 3.57628e-06 0)
(1.78814e-06 6.55651e-06 0)
(2.38419e-06 2.38419e-06 0)
(4.17233e-06 -2.38419e-06 0)
(-3.57628e-06 -4.76837e-06 0)
(-8.34465e-06 -3.57628e-06 0)
(-5.36442e-06 1.19209e-06 0)
(-4.17233e-06 -2.38419e-06 0)
(1.78814e-06 -2.98023e-06 0)
(4.76837e-06 0 0)
(1.78814e-06 -2.38419e-06 0)
(-1.19209e-06 -5.96046e-07 0)
(-1.19209e-06 -1.19209e-06 0)
(1.19209e-06 -5.36442e-06 0)
(-4.76837e-06 -5.36442e-06 0)
(-8.9407e-06 -4.76837e-06 0)
(-3.57628e-06 -1.19209e-06 0)
(0 -2.38419e-06 0)
(3.57628e-06 1.78814e-06 0)
(0 1.19209e-06 0)
(-3.57628e-06 -5.36442e-06 0)
(1.19209e-06 -1.78814e-06 0)
(-2.38419e-06 5.96046e-07 0)
(-5.96046e-07 0 0)
(-2.98023e-06 5.96046e-07 0)
(-4.17233e-06 4.17233e-06 0)
(-2.98023e-06 5.36442e-06 0)
(-1.19209e-06 3.57628e-06 0)
(5.36442e-06 5.96046e-07 0)
(-1.78814e-06 -5.96046e-07 0)
(-4.76837e-06 -1.19209e-06 0)
(1.19209e-06 6.55651e-06 0)
(5.96046e-07 7.7486e-06 0)
(5.96046e-07 8.34465e-06 0)
(0 5.36442e-06 0)
(-4.17233e-06 9.53674e-06 0)
(-4.17233e-06 5.96046e-06 0)
(-4.17233e-06 5.36442e-06 0)
(-1.19209e-06 2.98023e-06 0)
(-2.38419e-06 -1.19209e-06 0)
(-3.57628e-06 -2.98023e-06 0)
(2.38419e-06 8.34465e-06 0)
(-5.96046e-07 1.07288e-05 0)
(-1.78814e-06 1.07288e-05 0)
(-2.38419e-06 5.36442e-06 0)
(-2.98023e-06 5.96046e-06 0)
(-6.55651e-06 6.55651e-06 0)
(-5.96046e-06 4.17233e-06 0)
(-1.19209e-06 2.98023e-06 0)
(-7.15256e-06 -2.98023e-06 0)
(-6.55651e-06 -6.55651e-06 0)
(4.17233e-06 5.36442e-06 0)
(2.38419e-06 2.98023e-06 0)
(-4.17233e-06 2.98023e-06 0)
(-5.36442e-06 2.98023e-06 0)
(-2.98023e-06 1.19209e-06 0)
(-5.96046e-06 0 0)
(-7.15256e-06 2.98023e-06 0)
(-7.7486e-06 -5.96046e-07 0)
(-1.19209e-05 -8.34465e-06 0)
(-7.7486e-06 -4.76837e-06 0)
(0 3.57628e-06 0)
(-2.98023e-06 -5.96046e-07 0)
(-2.38419e-06 -1.78814e-06 0)
(-3.57628e-06 1.78814e-06 0)
(-5.96046e-06 -5.96046e-07 0)
(-5.96046e-06 -2.38419e-06 0)
(-6.55651e-06 -5.96046e-07 0)
(-1.3113e-05 -1.78814e-06 0)
(-1.13249e-05 -5.36442e-06 0)
(-2.98023e-06 -1.19209e-06 0)
)
;

boundaryField
{
    left
    {
        type            calculated;
        value           nonuniform List<vector> 10((0 -3.57628e-06 0) (0 -1.07288e-05 0) (0 -1.19209e-06 0) (0 6.55651e-06 0) (0 -5.96046e-07 0) (0 -1.78814e-06 0) (0 6.55651e-06 0) (0 8.34465e-06 0) (0 5.36442e-06 0) (0 3.57628e-06 0));
    }
    right
    {
        type            calculated;
        value           nonuniform List<vector> 10((0 -5.96046e-07 0) (0 0 0) (0 3.57628e-06 0) (0 -2.38419e-06 0) (0 -5.36442e-06 0) (0 -1.19209e-06 0) (0 -2.98023e-06 0) (0 -6.55651e-06 0) (0 -4.76837e-06 0) (0 -1.19209e-06 0));
    }
    top
    {
        type            calculated;
        value           nonuniform List<vector> 10((0 0 0) (-2.98023e-06 0 0) (-2.38419e-06 0 0) (-3.57628e-06 0 0) (-5.96046e-06 0 0) (-5.96046e-06 0 0) (-6.55651e-06 0 0) (-1.3113e-05 0 0) (-1.13249e-05 0 0) (-2.98023e-06 0 0));
    }
    bottom
    {
        type            calculated;
        value           nonuniform List<vector> 10((-3.57628e-06 0 0) (-8.9407e-06 0 0) (-5.96046e-07 0 0) (2.38419e-06 0 0) (-7.7486e-06 0 0) (-7.7486e-06 0 0) (1.19209e-06 0 0) (1.19209e-06 0 0) (1.19209e-06 0 0) (1.78814e-06 0 0));
    }
    defaultFaces
    {
        type            empty;
    }
}


// ************************************************************************* //
