/*--------------------------------*- C++ -*----------------------------------*\
| =========                 |                                                 |
| \\      /  F ield         | OpenFOAM: The Open Source CFD Toolbox           |
|  \\    /   O peration     | Version:  2406                                  |
|   \\  /    A nd           | Website:  www.openfoam.com                      |
|    \\/     M anipulation  |                                                 |
\*---------------------------------------------------------------------------*/
FoamFile
{
    version     2.0;
    format      ascii;
    arch        "LSB;label=32;scalar=64";
    class       volVectorField;
    location    "5.1";
    object      flux;
}
// * * * * * * * * * * * * * * * * * * * * * * * * * * * * * * * * * * * * * //

dimensions      [0 1 -1 1 0 0 0];

internalField   nonuniform List<vector> 
100
(
(-200 -200 0)
(-520 -120 0)
(-80 160 0)
(160 280 0)
(-520 120 0)
(-520 40 0)
(80 80 0)
(200 120 0)
(200 40 0)
(240 80 0)
(-80 -480 0)
(-200 -160 0)
(280 400 0)
(120 480 0)
(-720 80 0)
(-560 120 0)
(160 360 0)
(120 160 0)
(160 280 0)
(240 0 0)
(120 40 0)
(400 160 0)
(560 440 0)
(-200 200 0)
(-840 120 0)
(-320 360 0)
(120 200 0)
(160 80 0)
(80 360 0)
(-40 160 0)
(40 440 0)
(160 200 0)
(280 -120 0)
(-160 -240 0)
(-560 -160 0)
(-360 160 0)
(-200 -80 0)
(280 -40 0)
(240 40 0)
(40 -40 0)
(-80 -120 0)
(-80 -80 0)
(120 -360 0)
(-240 -360 0)
(-480 -320 0)
(-320 -80 0)
(-40 -120 0)
(280 -40 0)
(80 -40 0)
(-120 -360 0)
(40 0 0)
(-120 40 0)
(40 40 0)
(-160 -80 0)
(-240 200 0)
(-160 280 0)
(-120 240 0)
(320 80 0)
(-40 -120 0)
(-280 -280 0)
(-40 480 0)
(-80 560 0)
(40 520 0)
(0 360 0)
(-240 480 0)
(-240 360 0)
(-200 320 0)
(-120 240 0)
(-240 -80 0)
(-280 -280 0)
(80 480 0)
(-40 680 0)
(-200 680 0)
(-240 400 0)
(-160 360 0)
(-320 240 0)
(-240 240 0)
(-120 240 0)
(-600 -200 0)
(-480 -440 0)
(280 400 0)
(120 400 0)
(-280 360 0)
(-360 360 0)
(-400 200 0)
(-360 -40 0)
(-280 120 0)
(-480 -240 0)
(-880 -600 0)
(-520 -240 0)
(40 240 0)
(-120 40 0)
(-200 -40 0)
(-360 120 0)
(-600 -40 0)
(-360 -120 0)
(-360 40 0)
(-920 -240 0)
(-640 -400 0)
(-80 40 0)
)
;

boundaryField
{
    left
    {
        type            calculated;
        value           nonuniform List<vector> 10((0 -200 0) (0 -480 0) (0 40 0) (0 440 0) (0 -120 0) (0 0 0) (0 480 0) (0 480 0) (0 400 0) (0 240 0));
    }
    right
    {
        type            calculated;
        value           nonuniform List<vector> 10((0 80 0) (0 0 0) (0 160 0) (0 -40 0) (0 -360 0) (0 -280 0) (0 -280 0) (0 -440 0) (0 -240 0) (0 40 0));
    }
    top
    {
        type            calculated;
        value           nonuniform List<vector> 10((40 0 0) (-120 0 0) (-200 0 0) (-360 0 0) (-600 0 0) (-360 0 0) (-360 0 0) (-920 0 0) (-640 0 0) (-80 0 0));
    }
    bottom
    {
        type            calculated;
        value           nonuniform List<vector> 10((-200 0 0) (-520 0 0) (-80 0 0) (160 0 0) (-520 0 0) (-520 0 0) (80 0 0) (200 0 0) (200 0 0) (240 0 0));
    }
    defaultFaces
    {
        type            empty;
    }
}


// ************************************************************************* //
