/*--------------------------------*- C++ -*----------------------------------*\
| =========                 |                                                 |
| \\      /  F ield         | OpenFOAM: The Open Source CFD Toolbox           |
|  \\    /   O peration     | Version:  2406                                  |
|   \\  /    A nd           | Website:  www.openfoam.com                      |
|    \\/     M anipulation  |                                                 |
\*---------------------------------------------------------------------------*/
FoamFile
{
    version     2.0;
    format      ascii;
    arch        "LSB;label=32;scalar=64";
    class       volVectorField;
    location    "5.65";
    object      flux;
}
// * * * * * * * * * * * * * * * * * * * * * * * * * * * * * * * * * * * * * //

dimensions      [0 1 -1 1 0 0 0];

internalField   nonuniform List<vector> 
100
(
(-81920 -81920 0)
(-143360 -40960 0)
(-10240 30720 0)
(51200 51200 0)
(-153600 0 0)
(-133120 -10240 0)
(51200 10240 0)
(40960 10240 0)
(40960 10240 0)
(51200 0 0)
(-30720 -153600 0)
(-20480 -20480 0)
(71680 143360 0)
(0 133120 0)
(-204800 20480 0)
(-122880 20480 0)
(71680 71680 0)
(20480 40960 0)
(40960 81920 0)
(40960 40960 0)
(51200 30720 0)
(122880 61440 0)
(153600 71680 0)
(-71680 51200 0)
(-256000 40960 0)
(-92160 112640 0)
(61440 61440 0)
(61440 0 0)
(40960 51200 0)
(20480 71680 0)
(20480 122880 0)
(20480 51200 0)
(81920 -30720 0)
(-30720 -71680 0)
(-153600 -30720 0)
(-92160 51200 0)
(-51200 0 0)
(10240 -40960 0)
(112640 0 0)
(71680 -30720 0)
(-10240 -20480 0)
(-30720 -30720 0)
(30720 -92160 0)
(-71680 -102400 0)
(-143360 -92160 0)
(-81920 -30720 0)
(0 -51200 0)
(71680 40960 0)
(20480 20480 0)
(-20480 -112640 0)
(10240 -30720 0)
(-51200 20480 0)
(0 -20480 0)
(-30720 10240 0)
(-61440 71680 0)
(-51200 112640 0)
(-30720 40960 0)
(122880 0 0)
(-30720 -10240 0)
(-81920 -61440 0)
(20480 133120 0)
(-20480 153600 0)
(10240 184320 0)
(30720 92160 0)
(-71680 133120 0)
(-71680 112640 0)
(-81920 112640 0)
(0 51200 0)
(-40960 -30720 0)
(-81920 -71680 0)
(30720 153600 0)
(0 194560 0)
(-51200 215040 0)
(-81920 112640 0)
(-30720 71680 0)
(-71680 102400 0)
(-81920 92160 0)
(-51200 71680 0)
(-143360 -61440 0)
(-122880 -122880 0)
(71680 122880 0)
(40960 92160 0)
(-81920 71680 0)
(-112640 61440 0)
(-71680 40960 0)
(-81920 -40960 0)
(-122880 10240 0)
(-143360 -51200 0)
(-225280 -184320 0)
(-122880 -81920 0)
(0 61440 0)
(-51200 0 0)
(-51200 -30720 0)
(-112640 20480 0)
(-163840 -10240 0)
(-92160 -92160 0)
(-92160 -20480 0)
(-235520 -51200 0)
(-184320 -102400 0)
(-40960 -30720 0)
)
;

boundaryField
{
    left
    {
        type            calculated;
        value           nonuniform List<vector> 10((0 -81920 0) (0 -153600 0) (0 30720 0) (0 122880 0) (0 -20480 0) (0 -30720 0) (0 133120 0) (0 153600 0) (0 122880 0) (0 61440 0));
    }
    right
    {
        type            calculated;
        value           nonuniform List<vector> 10((0 0 0) (0 40960 0) (0 71680 0) (0 -30720 0) (0 -112640 0) (0 -61440 0) (0 -71680 0) (0 -122880 0) (0 -81920 0) (0 -30720 0));
    }
    top
    {
        type            calculated;
        value           nonuniform List<vector> 10((0 0 0) (-51200 0 0) (-51200 0 0) (-112640 0 0) (-163840 0 0) (-92160 0 0) (-92160 0 0) (-235520 0 0) (-184320 0 0) (-40960 0 0));
    }
    bottom
    {
        type            calculated;
        value           nonuniform List<vector> 10((-81920 0 0) (-143360 0 0) (-10240 0 0) (51200 0 0) (-153600 0 0) (-133120 0 0) (51200 0 0) (40960 0 0) (40960 0 0) (51200 0 0));
    }
    defaultFaces
    {
        type            empty;
    }
}


// ************************************************************************* //
