/*--------------------------------*- C++ -*----------------------------------*\
| =========                 |                                                 |
| \\      /  F ield         | OpenFOAM: The Open Source CFD Toolbox           |
|  \\    /   O peration     | Version:  2406                                  |
|   \\  /    A nd           | Website:  www.openfoam.com                      |
|    \\/     M anipulation  |                                                 |
\*---------------------------------------------------------------------------*/
FoamFile
{
    version     2.0;
    format      ascii;
    arch        "LSB;label=32;scalar=64";
    class       volVectorField;
    location    "4.4";
    object      flux;
}
// * * * * * * * * * * * * * * * * * * * * * * * * * * * * * * * * * * * * * //

dimensions      [0 1 -1 1 0 0 0];

internalField   nonuniform List<vector> 
100
(
(-0.234375 -0.175781 0)
(-0.449219 -0.0976562 0)
(-0.0390625 0.0976563 0)
(0.0390625 0.175781 0)
(-0.429688 0.0976562 0)
(-0.214844 -0.0585938 0)
(0.117188 0 0)
(0.0585937 0 0)
(0.078125 0.0585938 0)
(0.117187 0.0390625 0)
(-0.136719 -0.507812 0)
(-0.15625 -0.078125 0)
(0.214844 0.351563 0)
(0.0195312 0.3125 0)
(-0.625 0.0976562 0)
(-0.332031 0.078125 0)
(0.175781 0.15625 0)
(0.078125 0.078125 0)
(0.0976563 0.175781 0)
(0.0976562 0.0585937 0)
(0.195313 -0.0976563 0)
(0.351563 0.0976563 0)
(0.332031 0.195313 0)
(-0.175781 0.0976562 0)
(-0.625 0.0976563 0)
(-0.234375 0.351563 0)
(0.136719 0.0976563 0)
(0.0976562 -0.0195312 0)
(0.078125 0.175781 0)
(0.0390625 0.175781 0)
(0.078125 0.332031 0)
(0.15625 0.0976562 0)
(0.195312 -0.0976562 0)
(-0.0976562 -0.175781 0)
(-0.351562 -0.175781 0)
(-0.332031 0.0585937 0)
(-0.195312 -0.0976562 0)
(0.15625 -0.0976562 0)
(0.273438 0 0)
(0.117187 -0.117187 0)
(-0.0585938 -0.0390625 0)
(-0.0585937 -0.0390625 0)
(0.117188 -0.3125 0)
(-0.253906 -0.3125 0)
(-0.449219 -0.292969 0)
(-0.175781 -0.175781 0)
(0.0585938 -0.0976563 0)
(0.195312 0.0390625 0)
(0.0585938 0 0)
(-0.117188 -0.253906 0)
(0.078125 0 0)
(-0.175781 0.0390625 0)
(-0.0585938 0 0)
(-0.078125 -0.0390625 0)
(-0.234375 0.214844 0)
(-0.117188 0.234375 0)
(-0.0390625 0.195313 0)
(0.292969 0.0585937 0)
(-0.0390625 -0.0585938 0)
(-0.136719 -0.175781 0)
(0.0390625 0.351562 0)
(-0.0585938 0.410156 0)
(0 0.566406 0)
(-0.0195312 0.292969 0)
(-0.15625 0.410156 0)
(-0.136719 0.351563 0)
(-0.15625 0.351563 0)
(-0.078125 0.15625 0)
(-0.175781 -0.0195313 0)
(-0.195313 -0.175781 0)
(0.0976562 0.351562 0)
(0.0585937 0.566406 0)
(-0.195312 0.546875 0)
(-0.234375 0.332031 0)
(-0.15625 0.292969 0)
(-0.214844 0.253906 0)
(-0.195312 0.195312 0)
(-0.117187 0.175781 0)
(-0.371094 -0.0976562 0)
(-0.292969 -0.273437 0)
(0.253906 0.273438 0)
(0.15625 0.15625 0)
(-0.234375 0.175781 0)
(-0.292969 0.253906 0)
(-0.253906 0.0195313 0)
(-0.253906 -0.078125 0)
(-0.214844 0.0195313 0)
(-0.351562 -0.136719 0)
(-0.605469 -0.449219 0)
(-0.371094 -0.273438 0)
(-0.0390625 0.214844 0)
(-0.0390625 -0.0585937 0)
(-0.078125 -0.0390625 0)
(-0.371094 0.117187 0)
(-0.46875 -0.0976563 0)
(-0.234375 -0.117188 0)
(-0.273438 -0.0976563 0)
(-0.566406 -0.175781 0)
(-0.527344 -0.3125 0)
(-0.15625 -0.0976562 0)
)
;

boundaryField
{
    left
    {
        type            calculated;
        value           nonuniform List<vector> 10((0 -0.175781 0) (0 -0.507812 0) (0 -0.0976563 0) (0 0.332031 0) (0 -0.0390625 0) (0 0 0) (0 0.351562 0) (0 0.351562 0) (0 0.273438 0) (0 0.214844 0));
    }
    right
    {
        type            calculated;
        value           nonuniform List<vector> 10((0 0.0390625 0) (0 0.0585937 0) (0 0.175781 0) (0 -0.117187 0) (0 -0.253906 0) (0 -0.175781 0) (0 -0.175781 0) (0 -0.273437 0) (0 -0.273438 0) (0 -0.0976562 0));
    }
    top
    {
        type            calculated;
        value           nonuniform List<vector> 10((-0.0390625 0 0) (-0.0390625 0 0) (-0.078125 0 0) (-0.371094 0 0) (-0.46875 0 0) (-0.234375 0 0) (-0.273438 0 0) (-0.566406 0 0) (-0.527344 0 0) (-0.15625 0 0));
    }
    bottom
    {
        type            calculated;
        value           nonuniform List<vector> 10((-0.234375 0 0) (-0.449219 0 0) (-0.0390625 0 0) (0.0390625 0 0) (-0.429688 0 0) (-0.214844 0 0) (0.117188 0 0) (0.0585937 0 0) (0.078125 0 0) (0.117187 0 0));
    }
    defaultFaces
    {
        type            empty;
    }
}


// ************************************************************************* //
