/*--------------------------------*- C++ -*----------------------------------*\
| =========                 |                                                 |
| \\      /  F ield         | OpenFOAM: The Open Source CFD Toolbox           |
|  \\    /   O peration     | Version:  2406                                  |
|   \\  /    A nd           | Website:  www.openfoam.com                      |
|    \\/     M anipulation  |                                                 |
\*---------------------------------------------------------------------------*/
FoamFile
{
    version     2.0;
    format      ascii;
    arch        "LSB;label=32;scalar=64";
    class       volVectorField;
    location    "3.2";
    object      flux;
}
// * * * * * * * * * * * * * * * * * * * * * * * * * * * * * * * * * * * * * //

dimensions      [0 1 -1 1 0 0 0];

internalField   nonuniform List<vector> 
100
(
(-1.04308e-06 -7.45058e-07 0)
(-1.63913e-06 2.98023e-07 0)
(4.47035e-07 4.47035e-07 0)
(4.47035e-07 5.96046e-07 0)
(-2.23517e-06 1.49012e-07 0)
(-1.63913e-06 -1.49012e-07 0)
(4.47035e-07 1.49012e-07 0)
(2.98023e-07 0 0)
(2.98023e-07 -1.49012e-07 0)
(5.96046e-07 -2.98023e-07 0)
(0 -1.78814e-06 0)
(-4.47035e-07 -2.98023e-07 0)
(1.04308e-06 1.49012e-06 0)
(1.49012e-07 1.3411e-06 0)
(-2.98023e-06 2.98023e-07 0)
(-1.78814e-06 5.96046e-07 0)
(4.47035e-07 7.45058e-07 0)
(0 2.98023e-07 0)
(1.49012e-07 7.45058e-07 0)
(4.47035e-07 0 0)
(2.98023e-07 -1.49012e-07 0)
(1.49012e-06 0 0)
(2.08616e-06 7.45058e-07 0)
(-7.45058e-07 1.49012e-07 0)
(-2.83122e-06 4.47035e-07 0)
(-1.19209e-06 1.3411e-06 0)
(1.49012e-07 7.45058e-07 0)
(1.49012e-07 0 0)
(0 1.04308e-06 0)
(-2.98023e-07 5.96046e-07 0)
(1.49012e-07 1.3411e-06 0)
(4.47035e-07 7.45058e-07 0)
(1.19209e-06 -8.9407e-07 0)
(-1.49012e-07 -1.19209e-06 0)
(-1.78814e-06 -7.45058e-07 0)
(-1.63913e-06 0 0)
(-8.9407e-07 -4.47035e-07 0)
(2.98023e-07 -4.47035e-07 0)
(8.9407e-07 1.49012e-07 0)
(1.49012e-07 -2.98023e-07 0)
(-1.49012e-07 -2.98023e-07 0)
(-5.96046e-07 -4.47035e-07 0)
(2.98023e-07 -1.04308e-06 0)
(-5.96046e-07 -1.3411e-06 0)
(-1.93715e-06 -1.3411e-06 0)
(-7.45058e-07 -5.96046e-07 0)
(-2.98023e-07 -5.96046e-07 0)
(8.9407e-07 2.98023e-07 0)
(0 1.49012e-07 0)
(-5.96046e-07 -5.96046e-07 0)
(1.49012e-07 -4.47035e-07 0)
(-4.47035e-07 2.98023e-07 0)
(1.49012e-07 1.49012e-07 0)
(-4.47035e-07 0 0)
(-8.9407e-07 8.9407e-07 0)
(-1.04308e-06 1.19209e-06 0)
(-1.49012e-07 8.9407e-07 0)
(1.19209e-06 5.96046e-07 0)
(-1.49012e-07 -2.98023e-07 0)
(-7.45058e-07 -4.47035e-07 0)
(5.96046e-07 1.3411e-06 0)
(0 1.78814e-06 0)
(-1.49012e-07 1.93715e-06 0)
(1.49012e-07 8.9407e-07 0)
(-5.96046e-07 1.49012e-06 0)
(-7.45058e-07 1.3411e-06 0)
(-7.45058e-07 1.3411e-06 0)
(-4.47035e-07 8.9407e-07 0)
(-8.9407e-07 0 0)
(-7.45058e-07 -5.96046e-07 0)
(4.47035e-07 1.49012e-06 0)
(4.47035e-07 1.78814e-06 0)
(-7.45058e-07 2.38419e-06 0)
(-8.9407e-07 1.3411e-06 0)
(-5.96046e-07 8.9407e-07 0)
(-8.9407e-07 1.04308e-06 0)
(-7.45058e-07 1.04308e-06 0)
(-2.98023e-07 4.47035e-07 0)
(-1.63913e-06 -5.96046e-07 0)
(-1.49012e-06 -1.49012e-06 0)
(7.45058e-07 1.3411e-06 0)
(5.96046e-07 8.9407e-07 0)
(-5.96046e-07 4.47035e-07 0)
(-1.3411e-06 1.04308e-06 0)
(-8.9407e-07 4.47035e-07 0)
(-7.45058e-07 -2.98023e-07 0)
(-1.04308e-06 4.47035e-07 0)
(-1.93715e-06 -1.49012e-07 0)
(-2.83122e-06 -2.08616e-06 0)
(-1.49012e-06 -8.9407e-07 0)
(0 5.96046e-07 0)
(-4.47035e-07 -1.49012e-07 0)
(-4.47035e-07 -4.47035e-07 0)
(-7.45058e-07 2.98023e-07 0)
(-1.78814e-06 0 0)
(-1.04308e-06 -5.96046e-07 0)
(-8.9407e-07 -2.98023e-07 0)
(-2.83122e-06 -5.96046e-07 0)
(-2.38419e-06 -1.19209e-06 0)
(-4.47035e-07 -1.49012e-07 0)
)
;

boundaryField
{
    left
    {
        type            calculated;
        value           nonuniform List<vector> 10((0 -7.45058e-07 0) (0 -1.78814e-06 0) (0 -1.49012e-07 0) (0 1.3411e-06 0) (0 -2.98023e-07 0) (0 -4.47035e-07 0) (0 1.3411e-06 0) (0 1.49012e-06 0) (0 1.3411e-06 0) (0 5.96046e-07 0));
    }
    right
    {
        type            calculated;
        value           nonuniform List<vector> 10((0 -2.98023e-07 0) (0 0 0) (0 5.96046e-07 0) (0 -2.98023e-07 0) (0 -5.96046e-07 0) (0 -4.47035e-07 0) (0 -5.96046e-07 0) (0 -1.49012e-06 0) (0 -8.9407e-07 0) (0 -1.49012e-07 0));
    }
    top
    {
        type            calculated;
        value           nonuniform List<vector> 10((0 0 0) (-4.47035e-07 0 0) (-4.47035e-07 0 0) (-7.45058e-07 0 0) (-1.78814e-06 0 0) (-1.04308e-06 0 0) (-8.9407e-07 0 0) (-2.83122e-06 0 0) (-2.38419e-06 0 0) (-4.47035e-07 0 0));
    }
    bottom
    {
        type            calculated;
        value           nonuniform List<vector> 10((-1.04308e-06 0 0) (-1.63913e-06 0 0) (4.47035e-07 0 0) (4.47035e-07 0 0) (-2.23517e-06 0 0) (-1.63913e-06 0 0) (4.47035e-07 0 0) (2.98023e-07 0 0) (2.98023e-07 0 0) (5.96046e-07 0 0));
    }
    defaultFaces
    {
        type            empty;
    }
}


// ************************************************************************* //
