/*--------------------------------*- C++ -*----------------------------------*\
| =========                 |                                                 |
| \\      /  F ield         | OpenFOAM: The Open Source CFD Toolbox           |
|  \\    /   O peration     | Version:  2406                                  |
|   \\  /    A nd           | Website:  www.openfoam.com                      |
|    \\/     M anipulation  |                                                 |
\*---------------------------------------------------------------------------*/
FoamFile
{
    version     2.0;
    format      ascii;
    arch        "LSB;label=32;scalar=64";
    class       volVectorField;
    location    "4.15";
    object      flux;
}
// * * * * * * * * * * * * * * * * * * * * * * * * * * * * * * * * * * * * * //

dimensions      [0 1 -1 1 0 0 0];

internalField   nonuniform List<vector> 
100
(
(-0.0170898 -0.012207 0)
(-0.0317383 -0.00732422 0)
(0 0.00488281 0)
(0 0.0146484 0)
(-0.0341797 0.00732422 0)
(-0.0195313 0 0)
(0.00732422 0.00244141 0)
(0.00244141 0 0)
(0.00732422 0.00244141 0)
(0.0146484 -0.00244141 0)
(-0.00732422 -0.0366211 0)
(-0.0146484 -0.00976562 0)
(0.0219727 0.0219727 0)
(0 0.0219727 0)
(-0.0488281 0.00732422 0)
(-0.0244141 0.00732422 0)
(0.00488281 0.0146484 0)
(0.00488281 0.00732422 0)
(0.00732422 0.0195313 0)
(0.00976562 0.00488281 0)
(0.00976563 -0.012207 0)
(0.0268555 0.00488281 0)
(0.0292969 0.0146484 0)
(-0.012207 0.00244141 0)
(-0.0463867 0.00976563 0)
(-0.0146484 0.0170898 0)
(0.00732422 0.00976563 0)
(0.00732422 0 0)
(0.00488281 0.0170898 0)
(-0.00244141 0.012207 0)
(0.00976562 0.0195312 0)
(0.012207 0.00976562 0)
(0.0170898 -0.012207 0)
(-0.00488281 -0.0146484 0)
(-0.0292969 -0.00732422 0)
(-0.0268555 0 0)
(-0.012207 -0.00732422 0)
(0.00976562 -0.00732422 0)
(0.0170898 -0.00488281 0)
(0.00732422 -0.00732422 0)
(-0.00244141 -0.00244141 0)
(-0.00244141 -0.00732422 0)
(0.00976563 -0.0219727 0)
(-0.012207 -0.0268555 0)
(-0.0317383 -0.0268555 0)
(-0.0146484 -0.00732422 0)
(0 -0.00732422 0)
(0.012207 0 0)
(0.00732422 0.00244141 0)
(-0.00732422 -0.0195313 0)
(0.00488281 0.00488281 0)
(-0.00732422 0.00732422 0)
(-0.00488281 -0.00488281 0)
(-0.00732422 -0.00732422 0)
(-0.012207 0.00976563 0)
(-0.00488281 0.0195313 0)
(-0.00488281 0.0146484 0)
(0.0170898 0.00732422 0)
(-0.00244141 -0.00976563 0)
(-0.0146484 -0.00976563 0)
(0.00244141 0.0292969 0)
(-0.00976562 0.0341797 0)
(-0.00976563 0.0366211 0)
(0.00244141 0.0195312 0)
(-0.00488281 0.0268555 0)
(-0.00732422 0.0219727 0)
(-0.0146484 0.0170898 0)
(-0.00732422 0.0195312 0)
(-0.012207 -0.00244141 0)
(-0.00976563 -0.0146484 0)
(0.00488281 0.0268555 0)
(-0.00244141 0.0390625 0)
(-0.0195312 0.0488281 0)
(-0.0146484 0.0268555 0)
(-0.00732422 0.0219727 0)
(-0.0170898 0.0146484 0)
(-0.00488281 0.0146484 0)
(-0.00488281 0.012207 0)
(-0.0366211 -0.00488281 0)
(-0.0268555 -0.0317383 0)
(0.0146484 0.0219727 0)
(0.00976562 0.00976562 0)
(-0.0146484 0.0170898 0)
(-0.0292969 0.0268555 0)
(-0.0195313 0.00732422 0)
(-0.0146484 0.00244141 0)
(-0.0146484 0.00732422 0)
(-0.0292969 -0.012207 0)
(-0.0537109 -0.0390625 0)
(-0.0341797 -0.0219727 0)
(0 0.00976562 0)
(-0.00732422 -0.00244141 0)
(-0.00488281 -0.00732422 0)
(-0.0219727 0.00732422 0)
(-0.0317383 0 0)
(-0.0195313 -0.00732422 0)
(-0.0195313 -0.00488281 0)
(-0.0512695 -0.012207 0)
(-0.0439453 -0.0244141 0)
(-0.012207 -0.00244141 0)
)
;

boundaryField
{
    left
    {
        type            calculated;
        value           nonuniform List<vector> 10((0 -0.012207 0) (0 -0.0366211 0) (0 -0.012207 0) (0 0.0195312 0) (0 -0.00244141 0) (0 0.00488281 0) (0 0.0292969 0) (0 0.0268555 0) (0 0.0219727 0) (0 0.00976562 0));
    }
    right
    {
        type            calculated;
        value           nonuniform List<vector> 10((0 -0.00244141 0) (0 0.00488281 0) (0 0.012207 0) (0 -0.00732422 0) (0 -0.0195313 0) (0 -0.00976563 0) (0 -0.0146484 0) (0 -0.0317383 0) (0 -0.0219727 0) (0 -0.00244141 0));
    }
    top
    {
        type            calculated;
        value           nonuniform List<vector> 10((0 0 0) (-0.00732422 0 0) (-0.00488281 0 0) (-0.0219727 0 0) (-0.0317383 0 0) (-0.0195313 0 0) (-0.0195313 0 0) (-0.0512695 0 0) (-0.0439453 0 0) (-0.012207 0 0));
    }
    bottom
    {
        type            calculated;
        value           nonuniform List<vector> 10((-0.0170898 0 0) (-0.0317383 0 0) (0 0 0) (0 0 0) (-0.0341797 0 0) (-0.0195313 0 0) (0.00732422 0 0) (0.00244141 0 0) (0.00732422 0 0) (0.0146484 0 0));
    }
    defaultFaces
    {
        type            empty;
    }
}


// ************************************************************************* //
