/*--------------------------------*- C++ -*----------------------------------*\
| =========                 |                                                 |
| \\      /  F ield         | OpenFOAM: The Open Source CFD Toolbox           |
|  \\    /   O peration     | Version:  2406                                  |
|   \\  /    A nd           | Website:  www.openfoam.com                      |
|    \\/     M anipulation  |                                                 |
\*---------------------------------------------------------------------------*/
FoamFile
{
    version     2.0;
    format      ascii;
    arch        "LSB;label=32;scalar=64";
    class       volVectorField;
    location    "1.7";
    object      flux;
}
// * * * * * * * * * * * * * * * * * * * * * * * * * * * * * * * * * * * * * //

dimensions      [0 1 -1 1 0 0 0];

internalField   nonuniform List<vector> 
100
(
(-2.13163e-13 -2.13163e-13 0)
(-4.61853e-13 -8.88178e-14 0)
(-8.88178e-14 7.10543e-14 0)
(8.88178e-14 1.95399e-13 0)
(-3.90799e-13 5.32907e-14 0)
(-2.84217e-13 3.55271e-14 0)
(1.24345e-13 1.77636e-14 0)
(1.42109e-13 0 0)
(1.42109e-13 -5.32907e-14 0)
(1.06581e-13 5.32907e-14 0)
(-7.10543e-14 -4.44089e-13 0)
(-1.59872e-13 -7.10543e-14 0)
(1.77636e-13 3.37508e-13 0)
(7.10543e-14 3.19744e-13 0)
(-5.86198e-13 5.32907e-14 0)
(-3.19744e-13 8.88178e-14 0)
(1.06581e-13 1.24345e-13 0)
(8.88178e-14 3.55271e-14 0)
(1.95399e-13 1.59872e-13 0)
(1.77636e-13 3.55271e-14 0)
(1.42109e-13 0 0)
(2.84217e-13 1.06581e-13 0)
(2.84217e-13 2.13163e-13 0)
(-1.95399e-13 5.32907e-14 0)
(-5.68434e-13 1.77636e-14 0)
(-2.4869e-13 2.30926e-13 0)
(1.06581e-13 1.06581e-13 0)
(1.42109e-13 0 0)
(1.24345e-13 1.59872e-13 0)
(3.55271e-14 7.10543e-14 0)
(1.77636e-14 2.30926e-13 0)
(7.10543e-14 1.06581e-13 0)
(1.42109e-13 -1.77636e-13 0)
(-1.42109e-13 -1.77636e-13 0)
(-3.73035e-13 -1.59872e-13 0)
(-2.84217e-13 -3.55271e-14 0)
(-8.88178e-14 -1.06581e-13 0)
(1.42109e-13 -7.10543e-14 0)
(2.30926e-13 7.10543e-14 0)
(1.06581e-13 -8.88178e-14 0)
(0 -1.59872e-13 0)
(-1.24345e-13 -1.59872e-13 0)
(3.55271e-14 -3.19744e-13 0)
(-1.95399e-13 -2.84217e-13 0)
(-4.26326e-13 -2.4869e-13 0)
(-1.77636e-13 -8.88178e-14 0)
(7.10543e-14 -7.10543e-14 0)
(3.37508e-13 7.10543e-14 0)
(8.88178e-14 1.24345e-13 0)
(-1.42109e-13 -1.59872e-13 0)
(3.55271e-14 -8.88178e-14 0)
(-1.06581e-13 -5.32907e-14 0)
(0 -3.55271e-14 0)
(-5.32907e-14 3.55271e-14 0)
(-1.95399e-13 1.95399e-13 0)
(-7.10543e-14 3.01981e-13 0)
(1.77636e-14 1.95399e-13 0)
(3.19744e-13 8.88178e-14 0)
(3.55271e-14 -1.24345e-13 0)
(-1.59872e-13 -8.88178e-14 0)
(7.10543e-14 1.77636e-13 0)
(-3.55271e-14 3.01981e-13 0)
(7.10543e-14 3.73035e-13 0)
(5.32907e-14 1.95399e-13 0)
(-1.77636e-13 3.01981e-13 0)
(-1.42109e-13 2.84217e-13 0)
(-8.88178e-14 2.30926e-13 0)
(0 2.13163e-13 0)
(-1.24345e-13 -3.55271e-14 0)
(-1.24345e-13 -1.77636e-13 0)
(1.06581e-13 2.13163e-13 0)
(7.10543e-14 3.37508e-13 0)
(-7.10543e-14 4.08562e-13 0)
(-1.06581e-13 1.24345e-13 0)
(-8.88178e-14 1.59872e-13 0)
(-1.95399e-13 1.95399e-13 0)
(-7.10543e-14 1.77636e-13 0)
(0 1.42109e-13 0)
(-3.01981e-13 -1.06581e-13 0)
(-2.84217e-13 -3.19744e-13 0)
(2.13163e-13 2.13163e-13 0)
(1.59872e-13 1.06581e-13 0)
(-1.24345e-13 1.42109e-13 0)
(-2.30926e-13 1.77636e-13 0)
(-1.24345e-13 1.06581e-13 0)
(-1.24345e-13 -5.32907e-14 0)
(-1.24345e-13 8.88178e-14 0)
(-2.4869e-13 -1.42109e-13 0)
(-5.68434e-13 -4.26326e-13 0)
(-3.55271e-13 -2.84217e-13 0)
(1.77636e-14 1.59872e-13 0)
(-5.32907e-14 -3.55271e-14 0)
(0 -5.32907e-14 0)
(-1.24345e-13 8.88178e-14 0)
(-2.84217e-13 5.32907e-14 0)
(-1.95399e-13 -7.10543e-14 0)
(-1.95399e-13 -1.77636e-14 0)
(-5.15143e-13 -1.42109e-13 0)
(-4.79616e-13 -2.66454e-13 0)
(-1.42109e-13 -7.10543e-14 0)
)
;

boundaryField
{
    left
    {
        type            calculated;
        value           nonuniform List<vector> 10((0 -2.13163e-13 0) (0 -4.44089e-13 0) (0 0 0) (0 2.30926e-13 0) (0 -1.59872e-13 0) (0 -8.88178e-14 0) (0 1.77636e-13 0) (0 2.13163e-13 0) (0 2.13163e-13 0) (0 1.59872e-13 0));
    }
    right
    {
        type            calculated;
        value           nonuniform List<vector> 10((0 5.32907e-14 0) (0 3.55271e-14 0) (0 7.10543e-14 0) (0 -8.88178e-14 0) (0 -1.59872e-13 0) (0 -8.88178e-14 0) (0 -1.77636e-13 0) (0 -3.19744e-13 0) (0 -2.84217e-13 0) (0 -7.10543e-14 0));
    }
    top
    {
        type            calculated;
        value           nonuniform List<vector> 10((1.77636e-14 0 0) (-5.32907e-14 0 0) (0 0 0) (-1.24345e-13 0 0) (-2.84217e-13 0 0) (-1.95399e-13 0 0) (-1.95399e-13 0 0) (-5.15143e-13 0 0) (-4.79616e-13 0 0) (-1.42109e-13 0 0));
    }
    bottom
    {
        type            calculated;
        value           nonuniform List<vector> 10((-2.13163e-13 0 0) (-4.61853e-13 0 0) (-8.88178e-14 0 0) (8.88178e-14 0 0) (-3.90799e-13 0 0) (-2.84217e-13 0 0) (1.24345e-13 0 0) (1.42109e-13 0 0) (1.42109e-13 0 0) (1.06581e-13 0 0));
    }
    defaultFaces
    {
        type            empty;
    }
}


// ************************************************************************* //
