/*--------------------------------*- C++ -*----------------------------------*\
| =========                 |                                                 |
| \\      /  F ield         | OpenFOAM: The Open Source CFD Toolbox           |
|  \\    /   O peration     | Version:  2406                                  |
|   \\  /    A nd           | Website:  www.openfoam.com                      |
|    \\/     M anipulation  |                                                 |
\*---------------------------------------------------------------------------*/
FoamFile
{
    version     2.0;
    format      ascii;
    arch        "LSB;label=32;scalar=64";
    class       volVectorField;
    location    "4.95";
    object      flux;
}
// * * * * * * * * * * * * * * * * * * * * * * * * * * * * * * * * * * * * * //

dimensions      [0 1 -1 1 0 0 0];

internalField   nonuniform List<vector> 
100
(
(-50 -50 0)
(-120 -20 0)
(0 20 0)
(20 40 0)
(-130 20 0)
(-100 0 0)
(10 30 0)
(20 30 0)
(70 0 0)
(50 0 0)
(-20 -100 0)
(-40 -20 0)
(60 120 0)
(20 100 0)
(-180 30 0)
(-90 10 0)
(40 80 0)
(0 50 0)
(30 70 0)
(50 10 0)
(40 0 0)
(100 40 0)
(110 80 0)
(-70 60 0)
(-210 20 0)
(-50 80 0)
(40 30 0)
(20 0 0)
(20 60 0)
(0 50 0)
(10 80 0)
(50 30 0)
(80 -40 0)
(-40 -40 0)
(-140 -10 0)
(-90 50 0)
(-40 -20 0)
(20 0 0)
(60 0 0)
(50 -40 0)
(-20 0 0)
(-20 -10 0)
(50 -90 0)
(-50 -80 0)
(-140 -70 0)
(-70 -10 0)
(10 -30 0)
(50 20 0)
(0 30 0)
(-30 -70 0)
(20 -10 0)
(-50 20 0)
(10 -10 0)
(-10 -10 0)
(-60 60 0)
(-50 70 0)
(-20 50 0)
(70 10 0)
(-30 0 0)
(-60 -40 0)
(20 80 0)
(-20 120 0)
(10 140 0)
(10 80 0)
(-60 90 0)
(-60 70 0)
(-50 70 0)
(10 30 0)
(-50 0 0)
(-80 -50 0)
(30 100 0)
(10 140 0)
(-30 160 0)
(-40 80 0)
(-70 80 0)
(-80 80 0)
(-70 70 0)
(0 50 0)
(-110 -60 0)
(-110 -100 0)
(70 80 0)
(50 70 0)
(-40 70 0)
(-100 50 0)
(-70 10 0)
(-60 -10 0)
(-70 40 0)
(-120 0 0)
(-200 -130 0)
(-110 -60 0)
(30 50 0)
(-20 0 0)
(-40 -20 0)
(-80 10 0)
(-120 0 0)
(-60 -30 0)
(-60 0 0)
(-200 -40 0)
(-160 -70 0)
(-40 0 0)
)
;

boundaryField
{
    left
    {
        type            calculated;
        value           nonuniform List<vector> 10((0 -50 0) (0 -100 0) (0 0 0) (0 80 0) (0 0 0) (0 -10 0) (0 80 0) (0 100 0) (0 80 0) (0 50 0));
    }
    right
    {
        type            calculated;
        value           nonuniform List<vector> 10((0 0 0) (0 10 0) (0 50 0) (0 -40 0) (0 -70 0) (0 -40 0) (0 -50 0) (0 -100 0) (0 -60 0) (0 0 0));
    }
    top
    {
        type            calculated;
        value           nonuniform List<vector> 10((30 0 0) (-20 0 0) (-40 0 0) (-80 0 0) (-120 0 0) (-60 0 0) (-60 0 0) (-200 0 0) (-160 0 0) (-40 0 0));
    }
    bottom
    {
        type            calculated;
        value           nonuniform List<vector> 10((-50 0 0) (-120 0 0) (0 0 0) (20 0 0) (-130 0 0) (-100 0 0) (10 0 0) (20 0 0) (70 0 0) (50 0 0));
    }
    defaultFaces
    {
        type            empty;
    }
}


// ************************************************************************* //
