/*--------------------------------*- C++ -*----------------------------------*\
| =========                 |                                                 |
| \\      /  F ield         | OpenFOAM: The Open Source CFD Toolbox           |
|  \\    /   O peration     | Version:  2406                                  |
|   \\  /    A nd           | Website:  www.openfoam.com                      |
|    \\/     M anipulation  |                                                 |
\*---------------------------------------------------------------------------*/
FoamFile
{
    version     2.0;
    format      ascii;
    arch        "LSB;label=32;scalar=64";
    class       volVectorField;
    location    "8.2";
    object      flux;
}
// * * * * * * * * * * * * * * * * * * * * * * * * * * * * * * * * * * * * * //

dimensions      [0 1 -1 1 0 0 0];

internalField   nonuniform List<vector> 
100
(
(-1.97032e+16 -1.40737e+16 0)
(-3.3777e+16 0 0)
(-5.6295e+15 8.44425e+15 0)
(5.6295e+15 1.97032e+16 0)
(-2.53327e+16 5.6295e+15 0)
(-2.53327e+16 -2.81475e+15 0)
(2.81475e+15 2.81475e+15 0)
(0 2.81475e+15 0)
(1.1259e+16 -5.6295e+15 0)
(1.1259e+16 0 0)
(-2.81475e+15 -2.81475e+16 0)
(-8.44425e+15 0 0)
(1.1259e+16 3.3777e+16 0)
(0 3.09622e+16 0)
(-4.78507e+16 5.6295e+15 0)
(-2.53327e+16 0 0)
(8.44425e+15 1.40737e+16 0)
(-5.6295e+15 1.1259e+16 0)
(2.81475e+15 1.1259e+16 0)
(1.68885e+16 2.81475e+15 0)
(1.1259e+16 2.81475e+15 0)
(2.53327e+16 1.1259e+16 0)
(2.2518e+16 2.2518e+16 0)
(-1.97032e+16 1.1259e+16 0)
(-5.34802e+16 8.44425e+15 0)
(-1.97032e+16 2.2518e+16 0)
(8.44425e+15 1.1259e+16 0)
(0 0 0)
(2.81475e+15 1.97032e+16 0)
(2.81475e+15 1.1259e+16 0)
(2.81475e+15 2.81475e+16 0)
(1.1259e+16 1.1259e+16 0)
(1.1259e+16 -8.44425e+15 0)
(-1.40737e+16 -5.6295e+15 0)
(-3.65917e+16 -8.44425e+15 0)
(-2.53327e+16 5.6295e+15 0)
(-1.1259e+16 -8.44425e+15 0)
(2.81475e+15 -5.6295e+15 0)
(1.40737e+16 1.1259e+16 0)
(1.1259e+16 -8.44425e+15 0)
(-2.81475e+15 -5.6295e+15 0)
(-8.44425e+15 2.81475e+15 0)
(8.44425e+15 -2.53327e+16 0)
(-1.68885e+16 -1.40737e+16 0)
(-4.5036e+16 -1.68885e+16 0)
(-2.2518e+16 5.6295e+15 0)
(0 -8.44425e+15 0)
(1.68885e+16 5.6295e+15 0)
(0 8.44425e+15 0)
(-1.40737e+16 -1.40737e+16 0)
(8.44425e+15 -1.1259e+16 0)
(-1.1259e+16 0 0)
(-2.81475e+15 0 0)
(-5.6295e+15 -2.81475e+15 0)
(-1.97032e+16 1.97032e+16 0)
(-1.40737e+16 2.81475e+16 0)
(-1.40737e+16 2.81475e+16 0)
(2.2518e+16 8.44425e+15 0)
(-2.81475e+15 0 0)
(-1.40737e+16 0 0)
(8.44425e+15 3.09622e+16 0)
(0 3.09622e+16 0)
(2.81475e+15 4.78507e+16 0)
(2.81475e+15 2.2518e+16 0)
(-1.40737e+16 3.65917e+16 0)
(-1.1259e+16 3.3777e+16 0)
(-1.97032e+16 2.81475e+16 0)
(-8.44425e+15 1.97032e+16 0)
(-1.1259e+16 2.81475e+15 0)
(-1.97032e+16 -1.1259e+16 0)
(5.6295e+15 3.65917e+16 0)
(8.44425e+15 4.5036e+16 0)
(-1.1259e+16 5.34802e+16 0)
(-1.68885e+16 3.09622e+16 0)
(-8.44425e+15 3.09622e+16 0)
(-2.53327e+16 1.97032e+16 0)
(-2.53327e+16 1.97032e+16 0)
(-8.44425e+15 2.2518e+16 0)
(-3.09622e+16 -1.1259e+16 0)
(-2.53327e+16 -2.81475e+16 0)
(1.68885e+16 1.97032e+16 0)
(1.68885e+16 1.68885e+16 0)
(-1.1259e+16 1.1259e+16 0)
(-2.2518e+16 2.2518e+16 0)
(-2.2518e+16 8.44425e+15 0)
(-2.2518e+16 -1.1259e+16 0)
(-1.68885e+16 1.1259e+16 0)
(-3.94065e+16 0 0)
(-6.19245e+16 -3.65917e+16 0)
(-3.09622e+16 -1.97032e+16 0)
(2.81475e+15 1.68885e+16 0)
(-2.81475e+15 -2.81475e+15 0)
(-2.81475e+15 -5.6295e+15 0)
(-1.97032e+16 8.44425e+15 0)
(-4.22212e+16 -5.6295e+15 0)
(-2.2518e+16 -1.1259e+16 0)
(-1.1259e+16 -2.81475e+15 0)
(-5.91097e+16 -5.6295e+15 0)
(-5.06655e+16 -1.97032e+16 0)
(-1.40737e+16 0 0)
)
;

boundaryField
{
    left
    {
        type            calculated;
        value           nonuniform List<vector> 10((0 -1.40737e+16 0) (0 -2.81475e+16 0) (0 2.81475e+15 0) (0 2.81475e+16 0) (0 -5.6295e+15 0) (0 -1.1259e+16 0) (0 3.09622e+16 0) (0 3.65917e+16 0) (0 1.97032e+16 0) (0 1.68885e+16 0));
    }
    right
    {
        type            calculated;
        value           nonuniform List<vector> 10((0 0 0) (0 2.81475e+15 0) (0 1.1259e+16 0) (0 -8.44425e+15 0) (0 -1.40737e+16 0) (0 0 0) (0 -1.1259e+16 0) (0 -2.81475e+16 0) (0 -1.97032e+16 0) (0 0 0));
    }
    top
    {
        type            calculated;
        value           nonuniform List<vector> 10((2.81475e+15 0 0) (-2.81475e+15 0 0) (-2.81475e+15 0 0) (-1.97032e+16 0 0) (-4.22212e+16 0 0) (-2.2518e+16 0 0) (-1.1259e+16 0 0) (-5.91097e+16 0 0) (-5.06655e+16 0 0) (-1.40737e+16 0 0));
    }
    bottom
    {
        type            calculated;
        value           nonuniform List<vector> 10((-1.97032e+16 0 0) (-3.3777e+16 0 0) (-5.6295e+15 0 0) (5.6295e+15 0 0) (-2.53327e+16 0 0) (-2.53327e+16 0 0) (2.81475e+15 0 0) (0 0 0) (1.1259e+16 0 0) (1.1259e+16 0 0));
    }
    defaultFaces
    {
        type            empty;
    }
}


// ************************************************************************* //
