/*--------------------------------*- C++ -*----------------------------------*\
| =========                 |                                                 |
| \\      /  F ield         | OpenFOAM: The Open Source CFD Toolbox           |
|  \\    /   O peration     | Version:  2406                                  |
|   \\  /    A nd           | Website:  www.openfoam.com                      |
|    \\/     M anipulation  |                                                 |
\*---------------------------------------------------------------------------*/
FoamFile
{
    version     2.0;
    format      ascii;
    arch        "LSB;label=32;scalar=64";
    class       volVectorField;
    location    "3.7";
    object      flux;
}
// * * * * * * * * * * * * * * * * * * * * * * * * * * * * * * * * * * * * * //

dimensions      [0 1 -1 1 0 0 0];

internalField   nonuniform List<vector> 
100
(
(-0.000190735 -0.000209808 0)
(-0.00038147 -7.62939e-05 0)
(-7.62939e-05 9.53674e-05 0)
(7.62939e-05 0.000171661 0)
(-0.000247955 0 0)
(-0.000247955 0 0)
(0 5.72205e-05 0)
(1.90735e-05 3.8147e-05 0)
(0.000114441 1.90735e-05 0)
(0.000133514 -5.72205e-05 0)
(-1.90735e-05 -0.00043869 0)
(-7.62939e-05 -5.72205e-05 0)
(0.000152588 0.000286102 0)
(-1.90735e-05 0.000228882 0)
(-0.000419617 5.72205e-05 0)
(-0.000190735 1.90735e-05 0)
(1.90735e-05 0.000114441 0)
(-1.90735e-05 3.8147e-05 0)
(3.8147e-05 0.000114441 0)
(9.53674e-05 0 0)
(0.000171661 -9.53674e-05 0)
(0.000324249 1.90735e-05 0)
(0.000267029 0.000114441 0)
(-0.000171661 3.8147e-05 0)
(-0.000495911 3.8147e-05 0)
(-0.000133514 0.000133514 0)
(5.72205e-05 9.53674e-05 0)
(0 -1.90735e-05 0)
(3.8147e-05 0.000133514 0)
(0 7.62939e-05 0)
(9.53674e-05 0.000190735 0)
(0.000171661 1.90735e-05 0)
(0.000114441 -0.000152588 0)
(-9.53674e-05 -0.000171661 0)
(-0.000286102 -9.53674e-05 0)
(-0.000209808 -1.90735e-05 0)
(-0.000133514 -0.000114441 0)
(1.90735e-05 -9.53674e-05 0)
(0.000152588 1.90735e-05 0)
(5.72205e-05 -9.53674e-05 0)
(-1.90735e-05 -1.90735e-05 0)
(0 -9.53674e-05 0)
(0.000133514 -0.000247955 0)
(-0.000133514 -0.000228882 0)
(-0.000343323 -0.000228882 0)
(-0.000171661 -7.62939e-05 0)
(0 -9.53674e-05 0)
(0.000133514 1.90735e-05 0)
(1.90735e-05 1.90735e-05 0)
(-0.000114441 -0.000171661 0)
(3.8147e-05 1.90735e-05 0)
(-9.53674e-05 1.90735e-05 0)
(0 -3.8147e-05 0)
(-7.62939e-05 -1.90735e-05 0)
(-0.000133514 0.000133514 0)
(-5.72205e-05 0.000228882 0)
(-9.53674e-05 0.000152588 0)
(0.000190735 5.72205e-05 0)
(-1.90735e-05 -1.90735e-05 0)
(-0.000171661 -7.62939e-05 0)
(-3.8147e-05 0.000247955 0)
(-5.72205e-05 0.000305176 0)
(3.8147e-05 0.000362396 0)
(7.62939e-05 0.000247955 0)
(-9.53674e-05 0.000267029 0)
(-0.000133514 0.000247955 0)
(-0.000171661 0.000209808 0)
(-1.90735e-05 0.000133514 0)
(-0.000114441 0 0)
(-0.000152588 -9.53674e-05 0)
(7.62939e-05 0.000286102 0)
(1.90735e-05 0.00038147 0)
(-3.8147e-05 0.000514984 0)
(-0.000152588 0.000267029 0)
(-0.000152588 0.000209808 0)
(-0.000114441 0.000171661 0)
(-0.000171661 0.000171661 0)
(-7.62939e-05 0.000152588 0)
(-0.000267029 -9.53674e-05 0)
(-0.000267029 -0.000209808 0)
(0.000133514 0.000247955 0)
(0.000114441 0.000152588 0)
(-7.62939e-05 0.000114441 0)
(-0.000228882 0.000171661 0)
(-0.000228882 0.000114441 0)
(-0.000171661 -3.8147e-05 0)
(-0.000171661 1.90735e-05 0)
(-0.000324249 -3.8147e-05 0)
(-0.000457764 -0.000362396 0)
(-0.000267029 -0.000190735 0)
(-1.90735e-05 9.53674e-05 0)
(-7.62939e-05 0 0)
(-1.90735e-05 -9.53674e-05 0)
(-0.000171661 1.90735e-05 0)
(-0.000324249 -3.8147e-05 0)
(-0.000190735 -9.53674e-05 0)
(-0.000209808 -3.8147e-05 0)
(-0.000457764 -7.62939e-05 0)
(-0.00043869 -0.000228882 0)
(-0.000114441 -7.62939e-05 0)
)
;

boundaryField
{
    left
    {
        type            calculated;
        value           nonuniform List<vector> 10((0 -0.000209808 0) (0 -0.00043869 0) (0 -9.53674e-05 0) (0 0.000190735 0) (0 -1.90735e-05 0) (0 1.90735e-05 0) (0 0.000247955 0) (0 0.000286102 0) (0 0.000247955 0) (0 9.53674e-05 0));
    }
    right
    {
        type            calculated;
        value           nonuniform List<vector> 10((0 -5.72205e-05 0) (0 0 0) (0 7.62939e-05 0) (0 -9.53674e-05 0) (0 -0.000171661 0) (0 -7.62939e-05 0) (0 -9.53674e-05 0) (0 -0.000209808 0) (0 -0.000190735 0) (0 -7.62939e-05 0));
    }
    top
    {
        type            calculated;
        value           nonuniform List<vector> 10((-1.90735e-05 0 0) (-7.62939e-05 0 0) (-1.90735e-05 0 0) (-0.000171661 0 0) (-0.000324249 0 0) (-0.000190735 0 0) (-0.000209808 0 0) (-0.000457764 0 0) (-0.00043869 0 0) (-0.000114441 0 0));
    }
    bottom
    {
        type            calculated;
        value           nonuniform List<vector> 10((-0.000190735 0 0) (-0.00038147 0 0) (-7.62939e-05 0 0) (7.62939e-05 0 0) (-0.000247955 0 0) (-0.000247955 0 0) (0 0 0) (1.90735e-05 0 0) (0.000114441 0 0) (0.000133514 0 0));
    }
    defaultFaces
    {
        type            empty;
    }
}


// ************************************************************************* //
