/*--------------------------------*- C++ -*----------------------------------*\
| =========                 |                                                 |
| \\      /  F ield         | OpenFOAM: The Open Source CFD Toolbox           |
|  \\    /   O peration     | Version:  2406                                  |
|   \\  /    A nd           | Website:  www.openfoam.com                      |
|    \\/     M anipulation  |                                                 |
\*---------------------------------------------------------------------------*/
FoamFile
{
    version     2.0;
    format      ascii;
    arch        "LSB;label=32;scalar=64";
    class       volVectorField;
    location    "5.85";
    object      flux;
}
// * * * * * * * * * * * * * * * * * * * * * * * * * * * * * * * * * * * * * //

dimensions      [0 1 -1 1 0 0 0];

internalField   nonuniform List<vector> 
100
(
(-491520 -409600 0)
(-1.39264e+06 -245760 0)
(0 327680 0)
(491520 491520 0)
(-1.31072e+06 245760 0)
(-901120 163840 0)
(327680 163840 0)
(245760 163840 0)
(737280 81920 0)
(655360 -163840 0)
(-327680 -1.2288e+06 0)
(-573440 -409600 0)
(655360 1.14688e+06 0)
(327680 819200 0)
(-1.47456e+06 245760 0)
(-983040 409600 0)
(327680 655360 0)
(81920 409600 0)
(409600 409600 0)
(491520 -81920 0)
(327680 -163840 0)
(983040 409600 0)
(1.14688e+06 737280 0)
(-491520 409600 0)
(-1.55648e+06 245760 0)
(-573440 819200 0)
(245760 409600 0)
(163840 0 0)
(163840 573440 0)
(163840 409600 0)
(245760 737280 0)
(327680 409600 0)
(737280 -327680 0)
(-163840 -409600 0)
(-1.14688e+06 -163840 0)
(-819200 0 0)
(-409600 -163840 0)
(163840 -163840 0)
(819200 245760 0)
(409600 -245760 0)
(0 -81920 0)
(-81920 -327680 0)
(409600 -737280 0)
(-327680 -737280 0)
(-1.14688e+06 -819200 0)
(-573440 -245760 0)
(0 -327680 0)
(655360 163840 0)
(0 -81920 0)
(-409600 -819200 0)
(0 81920 0)
(-327680 163840 0)
(163840 163840 0)
(-163840 0 0)
(-737280 409600 0)
(-327680 737280 0)
(-81920 409600 0)
(573440 163840 0)
(-81920 -245760 0)
(-409600 -327680 0)
(163840 901120 0)
(0 1.14688e+06 0)
(245760 1.39264e+06 0)
(-81920 737280 0)
(-409600 1.2288e+06 0)
(-491520 1.06496e+06 0)
(-409600 901120 0)
(-245760 327680 0)
(-327680 0 0)
(-491520 -573440 0)
(327680 1.39264e+06 0)
(81920 1.80224e+06 0)
(-245760 1.6384e+06 0)
(-327680 983040 0)
(-409600 983040 0)
(-819200 819200 0)
(-737280 573440 0)
(-327680 491520 0)
(-983040 -409600 0)
(-983040 -983040 0)
(491520 1.14688e+06 0)
(245760 901120 0)
(-409600 655360 0)
(-819200 737280 0)
(-573440 245760 0)
(-737280 -81920 0)
(-819200 491520 0)
(-1.2288e+06 -245760 0)
(-1.96608e+06 -1.2288e+06 0)
(-1.06496e+06 -655360 0)
(-81920 655360 0)
(-409600 81920 0)
(-409600 -163840 0)
(-737280 163840 0)
(-1.14688e+06 -81920 0)
(-655360 -409600 0)
(-901120 0 0)
(-1.96608e+06 -409600 0)
(-1.55648e+06 -737280 0)
(-327680 -81920 0)
)
;

boundaryField
{
    left
    {
        type            calculated;
        value           nonuniform List<vector> 10((0 -409600 0) (0 -1.2288e+06 0) (0 -163840 0) (0 737280 0) (0 -81920 0) (0 81920 0) (0 901120 0) (0 1.39264e+06 0) (0 1.14688e+06 0) (0 655360 0));
    }
    right
    {
        type            calculated;
        value           nonuniform List<vector> 10((0 -163840 0) (0 -81920 0) (0 409600 0) (0 -245760 0) (0 -819200 0) (0 -327680 0) (0 -573440 0) (0 -983040 0) (0 -655360 0) (0 -81920 0));
    }
    top
    {
        type            calculated;
        value           nonuniform List<vector> 10((-81920 0 0) (-409600 0 0) (-409600 0 0) (-737280 0 0) (-1.14688e+06 0 0) (-655360 0 0) (-901120 0 0) (-1.96608e+06 0 0) (-1.55648e+06 0 0) (-327680 0 0));
    }
    bottom
    {
        type            calculated;
        value           nonuniform List<vector> 10((-491520 0 0) (-1.39264e+06 0 0) (0 0 0) (491520 0 0) (-1.31072e+06 0 0) (-901120 0 0) (327680 0 0) (245760 0 0) (737280 0 0) (655360 0 0));
    }
    defaultFaces
    {
        type            empty;
    }
}


// ************************************************************************* //
