/*--------------------------------*- C++ -*----------------------------------*\
| =========                 |                                                 |
| \\      /  F ield         | OpenFOAM: The Open Source CFD Toolbox           |
|  \\    /   O peration     | Version:  2406                                  |
|   \\  /    A nd           | Website:  www.openfoam.com                      |
|    \\/     M anipulation  |                                                 |
\*---------------------------------------------------------------------------*/
FoamFile
{
    version     2.0;
    format      ascii;
    arch        "LSB;label=32;scalar=64";
    class       volVectorField;
    location    "9.25";
    object      flux;
}
// * * * * * * * * * * * * * * * * * * * * * * * * * * * * * * * * * * * * * //

dimensions      [0 1 -1 1 0 0 0];

internalField   nonuniform List<vector> 
100
(
(-8.30103e+20 -8.30103e+20 0)
(-1.84467e+21 -1.84467e+20 0)
(-1.84467e+20 2.76701e+20 0)
(3.68935e+20 6.45636e+20 0)
(-1.93691e+21 1.84467e+20 0)
(-1.47574e+21 -1.84467e+20 0)
(-1.84467e+20 -9.22337e+19 0)
(2.76701e+20 2.76701e+20 0)
(3.68935e+20 -9.22337e+19 0)
(2.76701e+20 9.22337e+19 0)
(-2.76701e+20 -1.56797e+21 0)
(-6.45636e+20 -9.22337e+19 0)
(6.45636e+20 1.38351e+21 0)
(1.84467e+20 1.47574e+21 0)
(-2.76701e+21 1.84467e+20 0)
(-1.84467e+21 1.84467e+20 0)
(3.68935e+20 5.53402e+20 0)
(9.22337e+19 5.53402e+20 0)
(3.68935e+20 8.30103e+20 0)
(4.61169e+20 4.61169e+20 0)
(5.53402e+20 0 0)
(1.19904e+21 4.61169e+20 0)
(1.29127e+21 1.01457e+21 0)
(-9.22337e+20 4.61169e+20 0)
(-2.95148e+21 3.68935e+20 0)
(-1.29127e+21 1.29127e+21 0)
(3.68935e+20 5.53402e+20 0)
(2.76701e+20 1.84467e+20 0)
(2.76701e+20 9.22337e+20 0)
(9.22337e+19 1.01457e+21 0)
(3.68935e+20 1.29127e+21 0)
(4.61169e+20 6.45636e+20 0)
(5.53402e+20 -1.84467e+20 0)
(-5.53402e+20 -6.45636e+20 0)
(-1.75244e+21 -2.76701e+20 0)
(-1.66021e+21 3.68935e+20 0)
(-8.30103e+20 -9.22337e+19 0)
(4.61169e+20 0 0)
(1.01457e+21 4.61169e+20 0)
(6.45636e+20 -1.84467e+20 0)
(-1.84467e+20 -9.22337e+19 0)
(-1.84467e+20 -1.84467e+20 0)
(1.84467e+20 -8.30103e+20 0)
(-9.22337e+20 -4.61169e+20 0)
(-2.21361e+21 -7.3787e+20 0)
(-1.1068e+21 -9.22337e+19 0)
(1.84467e+20 -9.22337e+19 0)
(9.22337e+20 1.84467e+20 0)
(9.22337e+19 3.68935e+20 0)
(-4.61169e+20 -6.45636e+20 0)
(2.76701e+20 9.22337e+19 0)
(-3.68935e+20 1.84467e+20 0)
(9.22337e+19 9.22337e+19 0)
(-4.61169e+20 0 0)
(-1.29127e+21 1.01457e+21 0)
(-1.1068e+21 1.56797e+21 0)
(-5.53402e+20 8.30103e+20 0)
(1.1068e+21 3.68935e+20 0)
(9.22337e+19 -3.68935e+20 0)
(-7.3787e+20 -7.3787e+20 0)
(9.22337e+19 1.38351e+21 0)
(-3.68935e+20 1.47574e+21 0)
(9.22337e+19 1.66021e+21 0)
(1.84467e+20 7.3787e+20 0)
(-8.30103e+20 1.66021e+21 0)
(-1.19904e+21 1.38351e+21 0)
(-1.1068e+21 1.38351e+21 0)
(-1.84467e+20 9.22337e+20 0)
(-8.30103e+20 0 0)
(-9.22337e+20 -8.30103e+20 0)
(1.84467e+20 1.29127e+21 0)
(-9.22337e+19 1.66021e+21 0)
(-7.3787e+20 1.93691e+21 0)
(-4.61169e+20 8.30103e+20 0)
(-5.53402e+20 7.3787e+20 0)
(-1.47574e+21 8.30103e+20 0)
(-1.01457e+21 1.1068e+21 0)
(-4.61169e+20 8.30103e+20 0)
(-1.56797e+21 -2.76701e+20 0)
(-1.29127e+21 -1.19904e+21 0)
(5.53402e+20 1.01457e+21 0)
(2.76701e+20 7.3787e+20 0)
(-7.3787e+20 2.76701e+20 0)
(-1.19904e+21 8.30103e+20 0)
(-8.30103e+20 9.22337e+19 0)
(-8.30103e+20 -9.22337e+19 0)
(-9.22337e+20 5.53402e+20 0)
(-1.66021e+21 -3.68935e+20 0)
(-2.85925e+21 -1.47574e+21 0)
(-1.75244e+21 -9.22337e+20 0)
(0 5.53402e+20 0)
(-7.3787e+20 9.22337e+19 0)
(-4.61169e+20 -2.76701e+20 0)
(-7.3787e+20 4.61169e+20 0)
(-1.47574e+21 0 0)
(-8.30103e+20 -2.76701e+20 0)
(-1.19904e+21 9.22337e+19 0)
(-2.76701e+21 -4.61169e+20 0)
(-2.30584e+21 -1.01457e+21 0)
(-8.30103e+20 -9.22337e+19 0)
)
;

boundaryField
{
    left
    {
        type            calculated;
        value           nonuniform List<vector> 10((0 -8.30103e+20 0) (0 -1.56797e+21 0) (0 0 0) (0 1.29127e+21 0) (0 -9.22337e+19 0) (0 9.22337e+19 0) (0 1.38351e+21 0) (0 1.29127e+21 0) (0 1.01457e+21 0) (0 5.53402e+20 0));
    }
    right
    {
        type            calculated;
        value           nonuniform List<vector> 10((0 9.22337e+19 0) (0 4.61169e+20 0) (0 1.01457e+21 0) (0 -1.84467e+20 0) (0 -6.45636e+20 0) (0 -7.3787e+20 0) (0 -8.30103e+20 0) (0 -1.19904e+21 0) (0 -9.22337e+20 0) (0 -9.22337e+19 0));
    }
    top
    {
        type            calculated;
        value           nonuniform List<vector> 10((0 0 0) (-7.3787e+20 0 0) (-4.61169e+20 0 0) (-7.3787e+20 0 0) (-1.47574e+21 0 0) (-8.30103e+20 0 0) (-1.19904e+21 0 0) (-2.76701e+21 0 0) (-2.30584e+21 0 0) (-8.30103e+20 0 0));
    }
    bottom
    {
        type            calculated;
        value           nonuniform List<vector> 10((-8.30103e+20 0 0) (-1.84467e+21 0 0) (-1.84467e+20 0 0) (3.68935e+20 0 0) (-1.93691e+21 0 0) (-1.47574e+21 0 0) (-1.84467e+20 0 0) (2.76701e+20 0 0) (3.68935e+20 0 0) (2.76701e+20 0 0));
    }
    defaultFaces
    {
        type            empty;
    }
}


// ************************************************************************* //
