/*--------------------------------*- C++ -*----------------------------------*\
| =========                 |                                                 |
| \\      /  F ield         | OpenFOAM: The Open Source CFD Toolbox           |
|  \\    /   O peration     | Version:  2406                                  |
|   \\  /    A nd           | Website:  www.openfoam.com                      |
|    \\/     M anipulation  |                                                 |
\*---------------------------------------------------------------------------*/
FoamFile
{
    version     2.0;
    format      ascii;
    arch        "LSB;label=32;scalar=64";
    class       volVectorField;
    location    "5.25";
    object      flux;
}
// * * * * * * * * * * * * * * * * * * * * * * * * * * * * * * * * * * * * * //

dimensions      [0 1 -1 1 0 0 0];

internalField   nonuniform List<vector> 
100
(
(-960 -480 0)
(-2240 0 0)
(0 960 0)
(640 1440 0)
(-2240 480 0)
(-2560 -320 0)
(0 160 0)
(480 320 0)
(1280 160 0)
(1120 160 0)
(-640 -2080 0)
(-640 -320 0)
(1440 1920 0)
(160 2240 0)
(-4000 0 0)
(-2560 160 0)
(640 1280 0)
(320 1120 0)
(960 1440 0)
(1280 320 0)
(960 -160 0)
(1920 960 0)
(2080 1120 0)
(-1280 480 0)
(-4320 480 0)
(-1440 2080 0)
(1120 800 0)
(480 0 0)
(320 1600 0)
(160 960 0)
(480 1760 0)
(320 480 0)
(1280 -640 0)
(-640 -1600 0)
(-2080 -640 0)
(-2240 800 0)
(-1440 -480 0)
(1440 -480 0)
(1920 640 0)
(320 -320 0)
(-480 -320 0)
(-320 -480 0)
(160 -1440 0)
(-1280 -1600 0)
(-2240 -1760 0)
(-1120 -640 0)
(-320 -160 0)
(1600 480 0)
(480 160 0)
(-800 -1760 0)
(480 0 0)
(-800 320 0)
(-480 0 0)
(-320 160 0)
(-960 1440 0)
(-960 1600 0)
(-320 1280 0)
(1760 480 0)
(-160 -800 0)
(-1440 -960 0)
(0 2240 0)
(-320 2400 0)
(0 2720 0)
(0 1440 0)
(-800 2400 0)
(-1280 1920 0)
(-1120 1760 0)
(-320 1440 0)
(-1120 -320 0)
(-1440 -1280 0)
(320 2240 0)
(-160 3360 0)
(-1440 3200 0)
(-800 1600 0)
(-480 1280 0)
(-1120 1440 0)
(-1120 1440 0)
(-800 1280 0)
(-2880 -1120 0)
(-1760 -1600 0)
(1120 1920 0)
(480 1600 0)
(-1440 1280 0)
(-2080 1440 0)
(-960 480 0)
(-1280 -480 0)
(-1440 480 0)
(-2720 -1120 0)
(-3840 -2880 0)
(-1760 -960 0)
(160 1120 0)
(-960 160 0)
(-1280 -480 0)
(-1920 480 0)
(-2240 -160 0)
(-1120 -800 0)
(-1760 -320 0)
(-4000 -960 0)
(-2880 -1600 0)
(-480 -320 0)
)
;

boundaryField
{
    left
    {
        type            calculated;
        value           nonuniform List<vector> 10((0 -480 0) (0 -2080 0) (0 -160 0) (0 1760 0) (0 -320 0) (0 0 0) (0 2240 0) (0 2240 0) (0 1920 0) (0 1120 0));
    }
    right
    {
        type            calculated;
        value           nonuniform List<vector> 10((0 160 0) (0 320 0) (0 960 0) (0 -320 0) (0 -1760 0) (0 -960 0) (0 -1280 0) (0 -1600 0) (0 -960 0) (0 -320 0));
    }
    top
    {
        type            calculated;
        value           nonuniform List<vector> 10((160 0 0) (-960 0 0) (-1280 0 0) (-1920 0 0) (-2240 0 0) (-1120 0 0) (-1760 0 0) (-4000 0 0) (-2880 0 0) (-480 0 0));
    }
    bottom
    {
        type            calculated;
        value           nonuniform List<vector> 10((-960 0 0) (-2240 0 0) (0 0 0) (640 0 0) (-2240 0 0) (-2560 0 0) (0 0 0) (480 0 0) (1280 0 0) (1120 0 0));
    }
    defaultFaces
    {
        type            empty;
    }
}


// ************************************************************************* //
