/*--------------------------------*- C++ -*----------------------------------*\
| =========                 |                                                 |
| \\      /  F ield         | OpenFOAM: The Open Source CFD Toolbox           |
|  \\    /   O peration     | Version:  2406                                  |
|   \\  /    A nd           | Website:  www.openfoam.com                      |
|    \\/     M anipulation  |                                                 |
\*---------------------------------------------------------------------------*/
FoamFile
{
    version     2.0;
    format      ascii;
    arch        "LSB;label=32;scalar=64";
    class       volVectorField;
    location    "7.4";
    object      flux;
}
// * * * * * * * * * * * * * * * * * * * * * * * * * * * * * * * * * * * * * //

dimensions      [0 1 -1 1 0 0 0];

internalField   nonuniform List<vector> 
100
(
(-4.12317e+12 -4.12317e+12 0)
(-8.93353e+12 -1.37439e+12 0)
(0 2.74878e+12 0)
(3.43597e+12 4.12317e+12 0)
(-6.87195e+12 6.87195e+11 0)
(-6.87195e+12 0 0)
(-6.87195e+11 6.87195e+11 0)
(6.87195e+11 1.37439e+12 0)
(3.43597e+12 -6.87195e+11 0)
(2.74878e+12 0 0)
(-1.37439e+12 -9.62073e+12 0)
(-1.37439e+12 -1.37439e+12 0)
(5.49756e+12 9.62073e+12 0)
(1.37439e+12 8.24634e+12 0)
(-1.16823e+13 0 0)
(-6.18475e+12 0 0)
(6.87195e+11 3.43597e+12 0)
(-6.87195e+11 2.06158e+12 0)
(2.06158e+12 3.43597e+12 0)
(3.43597e+12 -6.87195e+11 0)
(4.12317e+12 3.43597e+12 0)
(9.62073e+12 6.18475e+12 0)
(8.24634e+12 8.24634e+12 0)
(-4.12317e+12 3.43597e+12 0)
(-1.51183e+13 2.74878e+12 0)
(-4.81036e+12 6.18475e+12 0)
(2.06158e+12 3.43597e+12 0)
(0 -1.37439e+12 0)
(0 3.43597e+12 0)
(0 2.06158e+12 0)
(6.87195e+11 1.09951e+13 0)
(3.43597e+12 7.55914e+12 0)
(3.43597e+12 -1.37439e+12 0)
(-4.81036e+12 -2.74878e+12 0)
(-8.93353e+12 -1.37439e+12 0)
(-5.49756e+12 0 0)
(-5.49756e+12 -2.74878e+12 0)
(0 -1.37439e+12 0)
(4.12317e+12 0 0)
(2.06158e+12 -2.74878e+12 0)
(6.87195e+11 6.87195e+11 0)
(-2.74878e+12 0 0)
(-6.87195e+11 -5.49756e+12 0)
(-5.49756e+12 -6.18475e+12 0)
(-1.23695e+13 -4.81036e+12 0)
(-4.81036e+12 -1.37439e+12 0)
(-1.37439e+12 -3.43597e+12 0)
(2.06158e+12 6.87195e+11 0)
(6.87195e+11 6.87195e+11 0)
(-2.74878e+12 -4.81036e+12 0)
(1.37439e+12 0 0)
(-4.12317e+12 0 0)
(-2.74878e+12 6.87195e+11 0)
(-3.43597e+12 2.06158e+12 0)
(-5.49756e+12 6.87195e+12 0)
(-4.12317e+12 7.55914e+12 0)
(-2.74878e+12 4.12317e+12 0)
(4.12317e+12 2.06158e+12 0)
(-1.37439e+12 0 0)
(-3.43597e+12 0 0)
(1.37439e+12 4.81036e+12 0)
(-1.37439e+12 7.55914e+12 0)
(6.87195e+11 8.24634e+12 0)
(6.87195e+11 6.87195e+12 0)
(-6.18475e+12 1.03079e+13 0)
(-7.55914e+12 8.24634e+12 0)
(-6.18475e+12 6.18475e+12 0)
(-2.06158e+12 4.12317e+12 0)
(-1.37439e+12 2.06158e+12 0)
(-3.43597e+12 -1.37439e+12 0)
(2.06158e+12 6.18475e+12 0)
(0 8.24634e+12 0)
(-3.43597e+12 8.93353e+12 0)
(-1.37439e+12 4.81036e+12 0)
(-3.43597e+12 4.12317e+12 0)
(-8.24634e+12 6.18475e+12 0)
(-7.55914e+12 6.87195e+12 0)
(0 5.49756e+12 0)
(-6.87195e+12 -6.87195e+11 0)
(-6.87195e+12 -7.55914e+12 0)
(4.12317e+12 6.18475e+12 0)
(2.74878e+12 4.81036e+12 0)
(-3.43597e+12 4.12317e+12 0)
(-4.81036e+12 3.43597e+12 0)
(-4.12317e+12 3.43597e+12 0)
(-6.18475e+12 6.87195e+11 0)
(-6.87195e+12 4.81036e+12 0)
(-8.24634e+12 2.74878e+12 0)
(-1.44311e+13 -8.93353e+12 0)
(-9.62073e+12 -3.43597e+12 0)
(0 3.43597e+12 0)
(-2.74878e+12 0 0)
(-3.43597e+12 -1.37439e+12 0)
(-2.06158e+12 1.37439e+12 0)
(-6.87195e+12 0 0)
(-6.18475e+12 -2.06158e+12 0)
(-5.49756e+12 1.37439e+12 0)
(-1.51183e+13 -1.37439e+12 0)
(-1.23695e+13 -5.49756e+12 0)
(-2.06158e+12 1.37439e+12 0)
)
;

boundaryField
{
    left
    {
        type            calculated;
        value           nonuniform List<vector> 10((0 -4.12317e+12 0) (0 -9.62073e+12 0) (0 3.43597e+12 0) (0 1.09951e+13 0) (0 6.87195e+11 0) (0 0 0) (0 4.81036e+12 0) (0 6.18475e+12 0) (0 6.18475e+12 0) (0 3.43597e+12 0));
    }
    right
    {
        type            calculated;
        value           nonuniform List<vector> 10((0 0 0) (0 -6.87195e+11 0) (0 2.06158e+12 0) (0 -2.74878e+12 0) (0 -4.81036e+12 0) (0 0 0) (0 -1.37439e+12 0) (0 -7.55914e+12 0) (0 -3.43597e+12 0) (0 1.37439e+12 0));
    }
    top
    {
        type            calculated;
        value           nonuniform List<vector> 10((0 0 0) (-2.74878e+12 0 0) (-3.43597e+12 0 0) (-2.06158e+12 0 0) (-6.87195e+12 0 0) (-6.18475e+12 0 0) (-5.49756e+12 0 0) (-1.51183e+13 0 0) (-1.23695e+13 0 0) (-2.06158e+12 0 0));
    }
    bottom
    {
        type            calculated;
        value           nonuniform List<vector> 10((-4.12317e+12 0 0) (-8.93353e+12 0 0) (0 0 0) (3.43597e+12 0 0) (-6.87195e+12 0 0) (-6.87195e+12 0 0) (-6.87195e+11 0 0) (6.87195e+11 0 0) (3.43597e+12 0 0) (2.74878e+12 0 0));
    }
    defaultFaces
    {
        type            empty;
    }
}


// ************************************************************************* //
