/*--------------------------------*- C++ -*----------------------------------*\
| =========                 |                                                 |
| \\      /  F ield         | OpenFOAM: The Open Source CFD Toolbox           |
|  \\    /   O peration     | Version:  2406                                  |
|   \\  /    A nd           | Website:  www.openfoam.com                      |
|    \\/     M anipulation  |                                                 |
\*---------------------------------------------------------------------------*/
FoamFile
{
    version     2.0;
    format      ascii;
    arch        "LSB;label=32;scalar=64";
    class       volVectorField;
    location    "2.55";
    object      flux;
}
// * * * * * * * * * * * * * * * * * * * * * * * * * * * * * * * * * * * * * //

dimensions      [0 1 -1 1 0 0 0];

internalField   nonuniform List<vector> 
100
(
(-7.27596e-10 -1.01863e-09 0)
(-2.03727e-09 -4.36557e-10 0)
(2.91038e-10 7.27596e-10 0)
(7.27596e-10 1.01863e-09 0)
(-2.03727e-09 2.91038e-10 0)
(-1.89175e-09 -1.45519e-10 0)
(-1.45519e-10 7.27596e-10 0)
(5.82077e-10 4.36557e-10 0)
(7.27596e-10 0 0)
(7.27596e-10 1.45519e-10 0)
(-1.45519e-10 -2.32831e-09 0)
(-4.36557e-10 -7.27596e-10 0)
(1.74623e-09 1.89175e-09 0)
(1.45519e-10 1.45519e-09 0)
(-3.0559e-09 1.45519e-10 0)
(-1.45519e-09 1.45519e-10 0)
(2.91038e-10 1.16415e-09 0)
(-2.91038e-10 8.73115e-10 0)
(7.27596e-10 8.73115e-10 0)
(1.01863e-09 0 0)
(1.01863e-09 -5.82077e-10 0)
(2.18279e-09 0 0)
(2.61934e-09 8.73115e-10 0)
(-7.27596e-10 5.82077e-10 0)
(-3.49246e-09 5.82077e-10 0)
(-1.16415e-09 1.30967e-09 0)
(7.27596e-10 0 0)
(1.45519e-10 -1.45519e-10 0)
(0 7.27596e-10 0)
(-1.45519e-10 1.01863e-09 0)
(2.91038e-10 1.45519e-09 0)
(1.30967e-09 5.82077e-10 0)
(1.89175e-09 -5.82077e-10 0)
(-4.36557e-10 -1.16415e-09 0)
(-2.03727e-09 -1.16415e-09 0)
(-2.03727e-09 1.45519e-10 0)
(-1.01863e-09 -7.27596e-10 0)
(4.36557e-10 -5.82077e-10 0)
(1.74623e-09 -1.45519e-10 0)
(1.16415e-09 -5.82077e-10 0)
(0 -1.45519e-10 0)
(2.91038e-10 -4.36557e-10 0)
(1.16415e-09 -2.03727e-09 0)
(-1.30967e-09 -1.60071e-09 0)
(-2.32831e-09 -1.74623e-09 0)
(-7.27596e-10 -5.82077e-10 0)
(0 -5.82077e-10 0)
(7.27596e-10 0 0)
(-1.45519e-10 5.82077e-10 0)
(-5.82077e-10 -1.74623e-09 0)
(1.45519e-10 0 0)
(-5.82077e-10 4.36557e-10 0)
(5.82077e-10 -1.45519e-10 0)
(0 -5.82077e-10 0)
(-8.73115e-10 1.16415e-09 0)
(-1.01863e-09 1.16415e-09 0)
(-8.73115e-10 7.27596e-10 0)
(1.89175e-09 1.45519e-10 0)
(1.45519e-10 -1.45519e-10 0)
(-8.73115e-10 -1.45519e-10 0)
(2.91038e-10 2.18279e-09 0)
(0 2.61934e-09 0)
(1.45519e-10 2.76486e-09 0)
(0 7.27596e-10 0)
(-7.27596e-10 1.89175e-09 0)
(-7.27596e-10 1.45519e-09 0)
(-7.27596e-10 1.89175e-09 0)
(-1.45519e-10 1.30967e-09 0)
(-5.82077e-10 2.91038e-10 0)
(-1.01863e-09 -7.27596e-10 0)
(4.36557e-10 2.03727e-09 0)
(0 2.91038e-09 0)
(-1.30967e-09 3.34694e-09 0)
(-8.73115e-10 1.89175e-09 0)
(0 1.30967e-09 0)
(-1.16415e-09 1.60071e-09 0)
(-8.73115e-10 1.30967e-09 0)
(1.45519e-10 1.16415e-09 0)
(-2.03727e-09 -5.82077e-10 0)
(-2.03727e-09 -1.74623e-09 0)
(1.74623e-09 1.60071e-09 0)
(1.16415e-09 1.30967e-09 0)
(-1.16415e-09 1.30967e-09 0)
(-1.89175e-09 1.89175e-09 0)
(-1.16415e-09 1.45519e-10 0)
(-8.73115e-10 -8.73115e-10 0)
(-1.16415e-09 5.82077e-10 0)
(-2.03727e-09 -5.82077e-10 0)
(-3.0559e-09 -2.91038e-09 0)
(-1.74623e-09 -1.45519e-09 0)
(1.45519e-10 1.01863e-09 0)
(-1.45519e-10 -1.45519e-10 0)
(-4.36557e-10 -4.36557e-10 0)
(-2.03727e-09 4.36557e-10 0)
(-2.61934e-09 -1.45519e-10 0)
(-7.27596e-10 -8.73115e-10 0)
(-8.73115e-10 -1.45519e-10 0)
(-3.34694e-09 -7.27596e-10 0)
(-3.0559e-09 -1.45519e-09 0)
(-8.73115e-10 -7.27596e-10 0)
)
;

boundaryField
{
    left
    {
        type            calculated;
        value           nonuniform List<vector> 10((0 -1.01863e-09 0) (0 -2.32831e-09 0) (0 -5.82077e-10 0) (0 1.45519e-09 0) (0 -1.45519e-10 0) (0 0 0) (0 2.18279e-09 0) (0 2.03727e-09 0) (0 1.60071e-09 0) (0 1.01863e-09 0));
    }
    right
    {
        type            calculated;
        value           nonuniform List<vector> 10((0 1.45519e-10 0) (0 0 0) (0 1.01863e-09 0) (0 -5.82077e-10 0) (0 -1.74623e-09 0) (0 -1.45519e-10 0) (0 -7.27596e-10 0) (0 -1.74623e-09 0) (0 -1.45519e-09 0) (0 -7.27596e-10 0));
    }
    top
    {
        type            calculated;
        value           nonuniform List<vector> 10((1.45519e-10 0 0) (-1.45519e-10 0 0) (-4.36557e-10 0 0) (-2.03727e-09 0 0) (-2.61934e-09 0 0) (-7.27596e-10 0 0) (-8.73115e-10 0 0) (-3.34694e-09 0 0) (-3.0559e-09 0 0) (-8.73115e-10 0 0));
    }
    bottom
    {
        type            calculated;
        value           nonuniform List<vector> 10((-7.27596e-10 0 0) (-2.03727e-09 0 0) (2.91038e-10 0 0) (7.27596e-10 0 0) (-2.03727e-09 0 0) (-1.89175e-09 0 0) (-1.45519e-10 0 0) (5.82077e-10 0 0) (7.27596e-10 0 0) (7.27596e-10 0 0));
    }
    defaultFaces
    {
        type            empty;
    }
}


// ************************************************************************* //
