/*--------------------------------*- C++ -*----------------------------------*\
| =========                 |                                                 |
| \\      /  F ield         | OpenFOAM: The Open Source CFD Toolbox           |
|  \\    /   O peration     | Version:  2406                                  |
|   \\  /    A nd           | Website:  www.openfoam.com                      |
|    \\/     M anipulation  |                                                 |
\*---------------------------------------------------------------------------*/
FoamFile
{
    version     2.0;
    format      ascii;
    arch        "LSB;label=32;scalar=64";
    class       volVectorField;
    location    "6.55";
    object      flux;
}
// * * * * * * * * * * * * * * * * * * * * * * * * * * * * * * * * * * * * * //

dimensions      [0 1 -1 1 0 0 0];

internalField   nonuniform List<vector> 
100
(
(-6.71089e+08 -7.54975e+08 0)
(-1.42606e+09 -8.38861e+07 0)
(-3.35544e+08 4.1943e+08 0)
(3.35544e+08 9.22747e+08 0)
(-1.09052e+09 3.35544e+08 0)
(-7.54975e+08 -8.38861e+07 0)
(4.1943e+08 -1.67772e+08 0)
(4.1943e+08 0 0)
(4.1943e+08 -1.67772e+08 0)
(4.1943e+08 0 0)
(-1.67772e+08 -1.25829e+09 0)
(-3.35544e+08 -3.35544e+08 0)
(7.54975e+08 1.50995e+09 0)
(1.67772e+08 1.76161e+09 0)
(-2.09715e+09 6.71089e+08 0)
(-1.17441e+09 8.38861e+07 0)
(6.71089e+08 4.1943e+08 0)
(4.1943e+08 3.35544e+08 0)
(4.1943e+08 5.87203e+08 0)
(4.1943e+08 8.38861e+07 0)
(2.51658e+08 -8.38861e+07 0)
(1.34218e+09 8.38861e+07 0)
(1.84549e+09 8.38861e+08 0)
(-5.87203e+08 3.35544e+08 0)
(-2.68435e+09 5.03316e+08 0)
(-1.09052e+09 1.09052e+09 0)
(6.71089e+08 6.71089e+08 0)
(5.03316e+08 0 0)
(2.51658e+08 7.54975e+08 0)
(8.38861e+07 3.35544e+08 0)
(2.51658e+08 9.22747e+08 0)
(7.54975e+08 7.54975e+08 0)
(8.38861e+08 -4.1943e+08 0)
(-2.51658e+08 -8.38861e+08 0)
(-1.25829e+09 -5.03316e+08 0)
(-1.09052e+09 1.67772e+08 0)
(-5.03316e+08 -1.67772e+08 0)
(5.03316e+08 -3.35544e+08 0)
(7.54975e+08 2.51658e+08 0)
(1.67772e+08 -4.1943e+08 0)
(8.38861e+07 0 0)
(-2.51658e+08 0 0)
(3.35544e+08 -8.38861e+08 0)
(-5.03316e+08 -7.54975e+08 0)
(-1.76161e+09 -1.17441e+09 0)
(-7.54975e+08 -2.51658e+08 0)
(2.51658e+08 -5.03316e+08 0)
(1.09052e+09 8.38861e+07 0)
(8.38861e+07 0 0)
(-7.54975e+08 -6.71089e+08 0)
(1.67772e+08 8.38861e+07 0)
(-1.67772e+08 1.67772e+08 0)
(0 3.35544e+08 0)
(-4.1943e+08 8.38861e+07 0)
(-9.22747e+08 8.38861e+08 0)
(-1.67772e+08 1.17441e+09 0)
(-2.51658e+08 1.00663e+09 0)
(1.00663e+09 3.35544e+08 0)
(-1.67772e+08 -4.1943e+08 0)
(-5.87203e+08 -3.35544e+08 0)
(2.51658e+08 1.17441e+09 0)
(0 1.67772e+09 0)
(1.67772e+08 1.76161e+09 0)
(-8.38861e+07 1.00663e+09 0)
(-6.71089e+08 1.50995e+09 0)
(-5.03316e+08 1.25829e+09 0)
(-5.87203e+08 1.09052e+09 0)
(-3.35544e+08 1.09052e+09 0)
(-5.03316e+08 0 0)
(-5.03316e+08 -5.87203e+08 0)
(6.71089e+08 1.42606e+09 0)
(4.1943e+08 2.09715e+09 0)
(-5.03316e+08 2.18104e+09 0)
(-8.38861e+08 1.25829e+09 0)
(-5.03316e+08 1.00663e+09 0)
(-6.71089e+08 1.09052e+09 0)
(-3.35544e+08 8.38861e+08 0)
(-3.35544e+08 5.03316e+08 0)
(-1.84549e+09 -5.87203e+08 0)
(-1.25829e+09 -1.42606e+09 0)
(1.00663e+09 1.50995e+09 0)
(7.54975e+08 9.22747e+08 0)
(-6.71089e+08 5.03316e+08 0)
(-1.25829e+09 8.38861e+08 0)
(-1.00663e+09 1.67772e+08 0)
(-6.71089e+08 -1.67772e+08 0)
(-1.00663e+09 8.38861e+07 0)
(-1.67772e+09 -7.54975e+08 0)
(-2.4327e+09 -1.84549e+09 0)
(-1.25829e+09 -1.17441e+09 0)
(1.67772e+08 7.54975e+08 0)
(-4.1943e+08 0 0)
(-5.87203e+08 -3.35544e+08 0)
(-1.17441e+09 0 0)
(-1.42606e+09 -8.38861e+07 0)
(-8.38861e+08 -5.03316e+08 0)
(-1.17441e+09 -4.1943e+08 0)
(-2.34881e+09 -7.54975e+08 0)
(-2.01327e+09 -1.00663e+09 0)
(-7.54975e+08 -4.1943e+08 0)
)
;

boundaryField
{
    left
    {
        type            calculated;
        value           nonuniform List<vector> 10((0 -7.54975e+08 0) (0 -1.25829e+09 0) (0 -8.38861e+07 0) (0 9.22747e+08 0) (0 0 0) (0 8.38861e+07 0) (0 1.17441e+09 0) (0 1.42606e+09 0) (0 1.50995e+09 0) (0 7.54975e+08 0));
    }
    right
    {
        type            calculated;
        value           nonuniform List<vector> 10((0 0 0) (0 8.38861e+07 0) (0 3.35544e+08 0) (0 -4.1943e+08 0) (0 -6.71089e+08 0) (0 -3.35544e+08 0) (0 -5.87203e+08 0) (0 -1.42606e+09 0) (0 -1.17441e+09 0) (0 -4.1943e+08 0));
    }
    top
    {
        type            calculated;
        value           nonuniform List<vector> 10((1.67772e+08 0 0) (-4.1943e+08 0 0) (-5.87203e+08 0 0) (-1.17441e+09 0 0) (-1.42606e+09 0 0) (-8.38861e+08 0 0) (-1.17441e+09 0 0) (-2.34881e+09 0 0) (-2.01327e+09 0 0) (-7.54975e+08 0 0));
    }
    bottom
    {
        type            calculated;
        value           nonuniform List<vector> 10((-6.71089e+08 0 0) (-1.42606e+09 0 0) (-3.35544e+08 0 0) (3.35544e+08 0 0) (-1.09052e+09 0 0) (-7.54975e+08 0 0) (4.1943e+08 0 0) (4.1943e+08 0 0) (4.1943e+08 0 0) (4.1943e+08 0 0));
    }
    defaultFaces
    {
        type            empty;
    }
}


// ************************************************************************* //
