/*--------------------------------*- C++ -*----------------------------------*\
| =========                 |                                                 |
| \\      /  F ield         | OpenFOAM: The Open Source CFD Toolbox           |
|  \\    /   O peration     | Version:  2406                                  |
|   \\  /    A nd           | Website:  www.openfoam.com                      |
|    \\/     M anipulation  |                                                 |
\*---------------------------------------------------------------------------*/
FoamFile
{
    version     2.0;
    format      ascii;
    arch        "LSB;label=32;scalar=64";
    class       volVectorField;
    location    "0.5";
    object      flux;
}
// * * * * * * * * * * * * * * * * * * * * * * * * * * * * * * * * * * * * * //

dimensions      [0 1 -1 1 0 0 0];

internalField   nonuniform List<vector> 
100
(
(-8.13152e-19 -1.0842e-18 0)
(-1.76183e-18 -5.42101e-19 0)
(0 0 0)
(8.13152e-19 5.42101e-19 0)
(-1.21973e-18 1.35525e-19 0)
(-8.13152e-19 -1.35525e-19 0)
(2.71051e-19 -1.35525e-19 0)
(0 -1.35525e-19 0)
(4.06576e-19 -2.71051e-19 0)
(5.42101e-19 -2.71051e-19 0)
(-1.35525e-19 -2.03288e-18 0)
(-8.13152e-19 -6.77626e-19 0)
(1.21973e-18 1.0842e-18 0)
(8.13152e-19 9.48677e-19 0)
(-2.03288e-18 0 0)
(-9.48677e-19 0 0)
(2.71051e-19 4.06576e-19 0)
(-1.35525e-19 -2.71051e-19 0)
(2.71051e-19 5.42101e-19 0)
(5.42101e-19 -2.71051e-19 0)
(6.77626e-19 -4.06576e-19 0)
(1.21973e-18 2.71051e-19 0)
(1.6263e-18 9.48677e-19 0)
(-1.35525e-19 0 0)
(-2.03288e-18 2.71051e-19 0)
(-6.77626e-19 1.0842e-18 0)
(4.06576e-19 5.42101e-19 0)
(1.35525e-19 0 0)
(0 5.42101e-19 0)
(0 2.71051e-19 0)
(2.71051e-19 1.21973e-18 0)
(8.13152e-19 6.77626e-19 0)
(8.13152e-19 -1.35525e-19 0)
(0 -5.42101e-19 0)
(-9.48677e-19 -8.13152e-19 0)
(-8.13152e-19 0 0)
(-8.13152e-19 -5.42101e-19 0)
(0 -5.42101e-19 0)
(6.77626e-19 1.35525e-19 0)
(1.35525e-19 -5.42101e-19 0)
(1.35525e-19 -4.06576e-19 0)
(0 -6.77626e-19 0)
(4.06576e-19 -1.6263e-18 0)
(-8.13152e-19 -1.35525e-18 0)
(-1.49078e-18 -1.49078e-18 0)
(-5.42101e-19 -9.48677e-19 0)
(0 -9.48677e-19 0)
(6.77626e-19 -1.35525e-19 0)
(2.71051e-19 1.35525e-19 0)
(-5.42101e-19 -6.77626e-19 0)
(2.71051e-19 -6.77626e-19 0)
(-6.77626e-19 -5.42101e-19 0)
(2.71051e-19 -8.13152e-19 0)
(1.35525e-19 -5.42101e-19 0)
(-5.42101e-19 4.06576e-19 0)
(-4.06576e-19 6.77626e-19 0)
(0 2.71051e-19 0)
(1.21973e-18 1.35525e-19 0)
(0 1.35525e-19 0)
(-6.77626e-19 2.71051e-19 0)
(2.71051e-19 8.13152e-19 0)
(-2.71051e-19 1.0842e-18 0)
(2.71051e-19 1.49078e-18 0)
(5.42101e-19 2.71051e-19 0)
(-2.71051e-19 1.0842e-18 0)
(-5.42101e-19 9.48677e-19 0)
(-4.06576e-19 9.48677e-19 0)
(4.06576e-19 8.13152e-19 0)
(2.71051e-19 4.06576e-19 0)
(-5.42101e-19 0 0)
(2.71051e-19 9.48677e-19 0)
(2.71051e-19 1.21973e-18 0)
(-5.42101e-19 1.6263e-18 0)
(-4.06576e-19 4.06576e-19 0)
(2.71051e-19 1.35525e-19 0)
(-5.42101e-19 8.13152e-19 0)
(-2.71051e-19 8.13152e-19 0)
(8.13152e-19 1.21973e-18 0)
(-8.13152e-19 1.35525e-19 0)
(-1.21973e-18 -8.13152e-19 0)
(5.42101e-19 4.06576e-19 0)
(5.42101e-19 1.35525e-19 0)
(-5.42101e-19 -1.35525e-19 0)
(-8.13152e-19 2.71051e-19 0)
(0 0 0)
(2.71051e-19 -6.77626e-19 0)
(-1.35525e-19 5.42101e-19 0)
(-4.06576e-19 -2.71051e-19 0)
(-1.6263e-18 -1.6263e-18 0)
(-1.21973e-18 -4.06576e-19 0)
(0 2.71051e-19 0)
(-5.42101e-19 -2.71051e-19 0)
(-1.35525e-19 -6.77626e-19 0)
(-4.06576e-19 1.35525e-19 0)
(-8.13152e-19 -1.35525e-19 0)
(1.35525e-19 -8.13152e-19 0)
(1.35525e-19 -2.71051e-19 0)
(-1.49078e-18 -5.42101e-19 0)
(-9.48677e-19 -1.35525e-18 0)
(2.71051e-19 2.71051e-19 0)
)
;

boundaryField
{
    left
    {
        type            calculated;
        value           nonuniform List<vector> 10((0 -1.0842e-18 0) (0 -2.03288e-18 0) (0 -4.06576e-19 0) (0 1.21973e-18 0) (0 -4.06576e-19 0) (0 -6.77626e-19 0) (0 8.13152e-19 0) (0 9.48677e-19 0) (0 4.06576e-19 0) (0 2.71051e-19 0));
    }
    right
    {
        type            calculated;
        value           nonuniform List<vector> 10((0 -2.71051e-19 0) (0 -2.71051e-19 0) (0 2.71051e-19 0) (0 -5.42101e-19 0) (0 -6.77626e-19 0) (0 2.71051e-19 0) (0 0 0) (0 -8.13152e-19 0) (0 -4.06576e-19 0) (0 2.71051e-19 0));
    }
    top
    {
        type            calculated;
        value           nonuniform List<vector> 10((0 0 0) (-5.42101e-19 0 0) (-1.35525e-19 0 0) (-4.06576e-19 0 0) (-8.13152e-19 0 0) (1.35525e-19 0 0) (1.35525e-19 0 0) (-1.49078e-18 0 0) (-9.48677e-19 0 0) (2.71051e-19 0 0));
    }
    bottom
    {
        type            calculated;
        value           nonuniform List<vector> 10((-8.13152e-19 0 0) (-1.76183e-18 0 0) (0 0 0) (8.13152e-19 0 0) (-1.21973e-18 0 0) (-8.13152e-19 0 0) (2.71051e-19 0 0) (0 0 0) (4.06576e-19 0 0) (5.42101e-19 0 0));
    }
    defaultFaces
    {
        type            empty;
    }
}


// ************************************************************************* //
