/*--------------------------------*- C++ -*----------------------------------*\
| =========                 |                                                 |
| \\      /  F ield         | OpenFOAM: The Open Source CFD Toolbox           |
|  \\    /   O peration     | Version:  2406                                  |
|   \\  /    A nd           | Website:  www.openfoam.com                      |
|    \\/     M anipulation  |                                                 |
\*---------------------------------------------------------------------------*/
FoamFile
{
    version     2.0;
    format      ascii;
    arch        "LSB;label=32;scalar=64";
    class       volVectorField;
    location    "8.95";
    object      flux;
}
// * * * * * * * * * * * * * * * * * * * * * * * * * * * * * * * * * * * * * //

dimensions      [0 1 -1 1 0 0 0];

internalField   nonuniform List<vector> 
100
(
(-2.8823e+19 -3.45876e+19 0)
(-8.07045e+19 -1.72938e+19 0)
(-2.30584e+19 1.72938e+19 0)
(1.15292e+19 4.03523e+19 0)
(-7.49399e+19 1.15292e+19 0)
(-5.18815e+19 -5.76461e+18 0)
(1.15292e+19 0 0)
(0 1.15292e+19 0)
(1.72938e+19 0 0)
(2.8823e+19 -5.76461e+18 0)
(-1.15292e+19 -9.22337e+19 0)
(-2.8823e+19 -2.8823e+19 0)
(3.45876e+19 6.34107e+19 0)
(5.76461e+18 6.34107e+19 0)
(-1.09528e+20 1.72938e+19 0)
(-6.34107e+19 1.72938e+19 0)
(2.30584e+19 2.30584e+19 0)
(0 1.72938e+19 0)
(5.76461e+18 4.03523e+19 0)
(1.72938e+19 1.72938e+19 0)
(2.8823e+19 -5.76461e+18 0)
(7.49399e+19 1.15292e+19 0)
(6.91753e+19 4.03523e+19 0)
(-4.03523e+19 2.30584e+19 0)
(-1.21057e+20 2.30584e+19 0)
(-5.18815e+19 4.61169e+19 0)
(1.72938e+19 2.8823e+19 0)
(1.72938e+19 5.76461e+18 0)
(1.72938e+19 4.61169e+19 0)
(5.76461e+18 4.03523e+19 0)
(1.72938e+19 5.76461e+19 0)
(2.30584e+19 3.45876e+19 0)
(4.03523e+19 -2.8823e+19 0)
(-5.76461e+18 -2.8823e+19 0)
(-9.22337e+19 -1.72938e+19 0)
(-5.76461e+19 1.72938e+19 0)
(-1.72938e+19 0 0)
(2.30584e+19 0 0)
(3.45876e+19 1.72938e+19 0)
(1.15292e+19 -1.72938e+19 0)
(0 1.15292e+19 0)
(-1.72938e+19 -1.72938e+19 0)
(1.72938e+19 -4.03523e+19 0)
(-2.8823e+19 -4.61169e+19 0)
(-8.07045e+19 -4.03523e+19 0)
(-3.45876e+19 -1.15292e+19 0)
(0 -2.30584e+19 0)
(2.8823e+19 0 0)
(5.76461e+18 5.76461e+18 0)
(-2.8823e+19 -3.45876e+19 0)
(0 0 0)
(-2.8823e+19 1.72938e+19 0)
(0 1.72938e+19 0)
(-1.15292e+19 0 0)
(-4.03523e+19 4.03523e+19 0)
(-4.03523e+19 5.18815e+19 0)
(-1.72938e+19 2.8823e+19 0)
(5.76461e+19 1.15292e+19 0)
(0 -1.15292e+19 0)
(-3.45876e+19 -2.30584e+19 0)
(0 5.76461e+19 0)
(0 7.49399e+19 0)
(0 9.22337e+19 0)
(0 5.76461e+19 0)
(-3.45876e+19 7.49399e+19 0)
(-4.03523e+19 7.49399e+19 0)
(-3.45876e+19 6.34107e+19 0)
(-1.15292e+19 4.03523e+19 0)
(-3.45876e+19 0 0)
(-3.45876e+19 -3.45876e+19 0)
(1.15292e+19 6.91753e+19 0)
(1.15292e+19 9.22337e+19 0)
(-1.72938e+19 1.03763e+20 0)
(-2.8823e+19 5.76461e+19 0)
(-2.8823e+19 5.18815e+19 0)
(-5.76461e+19 4.61169e+19 0)
(-3.45876e+19 4.61169e+19 0)
(-1.15292e+19 4.61169e+19 0)
(-8.07045e+19 -1.15292e+19 0)
(-6.91753e+19 -6.34107e+19 0)
(3.45876e+19 5.76461e+19 0)
(2.8823e+19 5.18815e+19 0)
(-2.8823e+19 4.03523e+19 0)
(-5.18815e+19 4.61169e+19 0)
(-4.61169e+19 1.15292e+19 0)
(-5.18815e+19 -5.76461e+18 0)
(-4.61169e+19 2.30584e+19 0)
(-6.34107e+19 -2.8823e+19 0)
(-1.38351e+20 -8.64691e+19 0)
(-8.64691e+19 -5.18815e+19 0)
(0 2.8823e+19 0)
(-1.15292e+19 0 0)
(-1.15292e+19 -1.15292e+19 0)
(-6.34107e+19 1.15292e+19 0)
(-8.64691e+19 -1.72938e+19 0)
(-4.61169e+19 -3.45876e+19 0)
(-4.61169e+19 -1.15292e+19 0)
(-1.26821e+20 -3.45876e+19 0)
(-9.79983e+19 -6.34107e+19 0)
(-3.45876e+19 -5.76461e+18 0)
)
;

boundaryField
{
    left
    {
        type            calculated;
        value           nonuniform List<vector> 10((0 -3.45876e+19 0) (0 -9.22337e+19 0) (0 -5.76461e+18 0) (0 5.76461e+19 0) (0 1.15292e+19 0) (0 0 0) (0 5.76461e+19 0) (0 6.91753e+19 0) (0 5.76461e+19 0) (0 2.8823e+19 0));
    }
    right
    {
        type            calculated;
        value           nonuniform List<vector> 10((0 -5.76461e+18 0) (0 1.72938e+19 0) (0 4.03523e+19 0) (0 -1.72938e+19 0) (0 -3.45876e+19 0) (0 -2.30584e+19 0) (0 -3.45876e+19 0) (0 -6.34107e+19 0) (0 -5.18815e+19 0) (0 -5.76461e+18 0));
    }
    top
    {
        type            calculated;
        value           nonuniform List<vector> 10((0 0 0) (-1.15292e+19 0 0) (-1.15292e+19 0 0) (-6.34107e+19 0 0) (-8.64691e+19 0 0) (-4.61169e+19 0 0) (-4.61169e+19 0 0) (-1.26821e+20 0 0) (-9.79983e+19 0 0) (-3.45876e+19 0 0));
    }
    bottom
    {
        type            calculated;
        value           nonuniform List<vector> 10((-2.8823e+19 0 0) (-8.07045e+19 0 0) (-2.30584e+19 0 0) (1.15292e+19 0 0) (-7.49399e+19 0 0) (-5.18815e+19 0 0) (1.15292e+19 0 0) (0 0 0) (1.72938e+19 0 0) (2.8823e+19 0 0));
    }
    defaultFaces
    {
        type            empty;
    }
}


// ************************************************************************* //
