/*--------------------------------*- C++ -*----------------------------------*\
| =========                 |                                                 |
| \\      /  F ield         | OpenFOAM: The Open Source CFD Toolbox           |
|  \\    /   O peration     | Version:  2406                                  |
|   \\  /    A nd           | Website:  www.openfoam.com                      |
|    \\/     M anipulation  |                                                 |
\*---------------------------------------------------------------------------*/
FoamFile
{
    version     2.0;
    format      ascii;
    arch        "LSB;label=32;scalar=64";
    class       volVectorField;
    location    "7.55";
    object      flux;
}
// * * * * * * * * * * * * * * * * * * * * * * * * * * * * * * * * * * * * * //

dimensions      [0 1 -1 1 0 0 0];

internalField   nonuniform List<vector> 
100
(
(-1.64927e+13 -1.64927e+13 0)
(-4.39805e+13 -5.49756e+12 0)
(0 1.09951e+13 0)
(2.19902e+13 2.19902e+13 0)
(-2.74878e+13 0 0)
(-2.74878e+13 -5.49756e+12 0)
(-5.49756e+12 2.74878e+12 0)
(0 8.24634e+12 0)
(1.37439e+13 -5.49756e+12 0)
(1.64927e+13 -2.74878e+12 0)
(-5.49756e+12 -3.29853e+13 0)
(-1.09951e+13 2.74878e+12 0)
(2.74878e+13 4.9478e+13 0)
(8.24634e+12 4.12317e+13 0)
(-5.22268e+13 2.74878e+12 0)
(-2.4739e+13 -5.49756e+12 0)
(2.74878e+12 1.09951e+13 0)
(-1.09951e+13 1.64927e+13 0)
(1.09951e+13 1.37439e+13 0)
(1.64927e+13 -2.74878e+12 0)
(1.92415e+13 2.19902e+13 0)
(3.84829e+13 3.84829e+13 0)
(3.02366e+13 4.39805e+13 0)
(-2.19902e+13 1.37439e+13 0)
(-6.87195e+13 1.09951e+13 0)
(-2.4739e+13 2.4739e+13 0)
(1.64927e+13 1.09951e+13 0)
(5.49756e+12 0 0)
(-8.24634e+12 1.92415e+13 0)
(-2.74878e+12 1.09951e+13 0)
(5.49756e+12 4.9478e+13 0)
(1.37439e+13 2.74878e+13 0)
(5.49756e+12 -5.49756e+12 0)
(-2.4739e+13 -1.37439e+13 0)
(-4.39805e+13 -1.09951e+13 0)
(-2.74878e+13 1.37439e+13 0)
(-1.64927e+13 -1.09951e+13 0)
(0 -1.37439e+13 0)
(1.37439e+13 0 0)
(1.09951e+13 -1.09951e+13 0)
(-2.74878e+12 0 0)
(-1.37439e+13 -2.74878e+12 0)
(-1.09951e+13 -2.74878e+13 0)
(-2.74878e+13 -2.4739e+13 0)
(-4.67292e+13 -2.4739e+13 0)
(-2.19902e+13 -2.74878e+12 0)
(-5.49756e+12 -1.09951e+13 0)
(8.24634e+12 2.74878e+12 0)
(0 1.09951e+13 0)
(-1.37439e+13 -1.37439e+13 0)
(5.49756e+12 -8.24634e+12 0)
(-1.92415e+13 0 0)
(-1.37439e+13 0 0)
(-1.92415e+13 1.09951e+13 0)
(-1.92415e+13 3.29853e+13 0)
(-1.64927e+13 3.29853e+13 0)
(-1.37439e+13 1.92415e+13 0)
(2.4739e+13 1.09951e+13 0)
(-5.49756e+12 -2.74878e+12 0)
(-1.64927e+13 -5.49756e+12 0)
(5.49756e+12 2.4739e+13 0)
(-5.49756e+12 2.74878e+13 0)
(-5.49756e+12 4.67292e+13 0)
(5.49756e+12 3.29853e+13 0)
(-2.4739e+13 5.22268e+13 0)
(-3.29853e+13 3.29853e+13 0)
(-2.74878e+13 2.74878e+13 0)
(-8.24634e+12 1.92415e+13 0)
(-1.37439e+13 2.74878e+12 0)
(-1.64927e+13 -8.24634e+12 0)
(8.24634e+12 2.74878e+13 0)
(2.74878e+12 4.39805e+13 0)
(-1.09951e+13 5.22268e+13 0)
(-1.37439e+13 2.74878e+13 0)
(-1.92415e+13 2.74878e+13 0)
(-3.84829e+13 2.74878e+13 0)
(-3.02366e+13 3.29853e+13 0)
(-2.74878e+12 2.74878e+13 0)
(-3.29853e+13 -5.49756e+12 0)
(-3.02366e+13 -3.29853e+13 0)
(2.19902e+13 3.02366e+13 0)
(1.37439e+13 1.64927e+13 0)
(-1.37439e+13 1.09951e+13 0)
(-2.4739e+13 1.64927e+13 0)
(-2.19902e+13 1.09951e+13 0)
(-2.74878e+13 0 0)
(-3.29853e+13 2.19902e+13 0)
(-4.39805e+13 0 0)
(-6.87195e+13 -4.67292e+13 0)
(-3.84829e+13 -2.4739e+13 0)
(0 1.37439e+13 0)
(-1.64927e+13 -2.74878e+12 0)
(-5.49756e+12 -1.37439e+13 0)
(-1.09951e+13 2.74878e+12 0)
(-3.57341e+13 0 0)
(-3.02366e+13 -1.09951e+13 0)
(-2.74878e+13 -2.74878e+12 0)
(-7.4217e+13 -1.09951e+13 0)
(-6.04731e+13 -2.74878e+13 0)
(-1.37439e+13 -2.74878e+12 0)
)
;

boundaryField
{
    left
    {
        type            calculated;
        value           nonuniform List<vector> 10((0 -1.64927e+13 0) (0 -3.29853e+13 0) (0 2.19902e+13 0) (0 4.9478e+13 0) (0 0 0) (0 -8.24634e+12 0) (0 2.4739e+13 0) (0 2.74878e+13 0) (0 3.02366e+13 0) (0 1.37439e+13 0));
    }
    right
    {
        type            calculated;
        value           nonuniform List<vector> 10((0 -2.74878e+12 0) (0 -2.74878e+12 0) (0 1.09951e+13 0) (0 -1.09951e+13 0) (0 -1.37439e+13 0) (0 -5.49756e+12 0) (0 -8.24634e+12 0) (0 -3.29853e+13 0) (0 -2.4739e+13 0) (0 -2.74878e+12 0));
    }
    top
    {
        type            calculated;
        value           nonuniform List<vector> 10((0 0 0) (-1.64927e+13 0 0) (-5.49756e+12 0 0) (-1.09951e+13 0 0) (-3.57341e+13 0 0) (-3.02366e+13 0 0) (-2.74878e+13 0 0) (-7.4217e+13 0 0) (-6.04731e+13 0 0) (-1.37439e+13 0 0));
    }
    bottom
    {
        type            calculated;
        value           nonuniform List<vector> 10((-1.64927e+13 0 0) (-4.39805e+13 0 0) (0 0 0) (2.19902e+13 0 0) (-2.74878e+13 0 0) (-2.74878e+13 0 0) (-5.49756e+12 0 0) (0 0 0) (1.37439e+13 0 0) (1.64927e+13 0 0));
    }
    defaultFaces
    {
        type            empty;
    }
}


// ************************************************************************* //
