/*--------------------------------*- C++ -*----------------------------------*\
| =========                 |                                                 |
| \\      /  F ield         | OpenFOAM: The Open Source CFD Toolbox           |
|  \\    /   O peration     | Version:  2406                                  |
|   \\  /    A nd           | Website:  www.openfoam.com                      |
|    \\/     M anipulation  |                                                 |
\*---------------------------------------------------------------------------*/
FoamFile
{
    version     2.0;
    format      ascii;
    arch        "LSB;label=32;scalar=64";
    class       volVectorField;
    location    "7.7";
    object      flux;
}
// * * * * * * * * * * * * * * * * * * * * * * * * * * * * * * * * * * * * * //

dimensions      [0 1 -1 1 0 0 0];

internalField   nonuniform List<vector> 
100
(
(-1.09951e+14 -8.79609e+13 0)
(-2.08907e+14 0 0)
(-2.19902e+13 5.49756e+13 0)
(8.79609e+13 9.8956e+13 0)
(-1.86917e+14 4.39805e+13 0)
(-1.75922e+14 -2.19902e+13 0)
(0 -2.19902e+13 0)
(0 0 0)
(4.39805e+13 2.19902e+13 0)
(7.69658e+13 1.09951e+13 0)
(-2.19902e+13 -1.31941e+14 0)
(-7.69658e+13 1.09951e+13 0)
(9.8956e+13 1.97912e+14 0)
(5.49756e+13 1.75922e+14 0)
(-2.96868e+14 1.09951e+13 0)
(-2.30897e+14 2.19902e+13 0)
(2.19902e+13 8.79609e+13 0)
(1.09951e+13 3.29853e+13 0)
(5.49756e+13 1.20946e+14 0)
(8.79609e+13 3.29853e+13 0)
(4.39805e+13 3.29853e+13 0)
(1.09951e+14 8.79609e+13 0)
(1.64927e+14 1.53932e+14 0)
(-9.8956e+13 4.39805e+13 0)
(-3.51844e+14 3.29853e+13 0)
(-1.31941e+14 1.20946e+14 0)
(3.29853e+13 8.79609e+13 0)
(6.59707e+13 -1.09951e+13 0)
(2.19902e+13 1.09951e+14 0)
(-1.09951e+13 3.29853e+13 0)
(1.09951e+13 1.86917e+14 0)
(4.39805e+13 9.8956e+13 0)
(4.39805e+13 -3.29853e+13 0)
(-7.69658e+13 -7.69658e+13 0)
(-1.86917e+14 -4.39805e+13 0)
(-1.86917e+14 5.49756e+13 0)
(-1.09951e+14 -4.39805e+13 0)
(2.19902e+13 -4.39805e+13 0)
(1.09951e+14 0 0)
(3.29853e+13 -3.29853e+13 0)
(-3.29853e+13 0 0)
(-7.69658e+13 0 0)
(0 -7.69658e+13 0)
(-1.31941e+14 -7.69658e+13 0)
(-2.19902e+14 -1.09951e+14 0)
(-1.42937e+14 0 0)
(-4.39805e+13 -4.39805e+13 0)
(9.8956e+13 5.49756e+13 0)
(1.09951e+13 5.49756e+13 0)
(-6.59707e+13 -8.79609e+13 0)
(3.29853e+13 -5.49756e+13 0)
(-7.69658e+13 1.09951e+13 0)
(-2.19902e+13 0 0)
(-7.69658e+13 3.29853e+13 0)
(-1.20946e+14 1.42937e+14 0)
(-1.31941e+14 1.86917e+14 0)
(-6.59707e+13 1.42937e+14 0)
(1.20946e+14 9.8956e+13 0)
(-2.19902e+13 -1.09951e+13 0)
(-1.09951e+14 -4.39805e+13 0)
(3.29853e+13 1.20946e+14 0)
(-2.19902e+13 1.53932e+14 0)
(0 2.08907e+14 0)
(0 9.8956e+13 0)
(-6.59707e+13 1.64927e+14 0)
(-1.20946e+14 1.42937e+14 0)
(-1.09951e+14 1.97912e+14 0)
(-5.49756e+13 1.42937e+14 0)
(-1.31941e+14 0 0)
(-1.09951e+14 -8.79609e+13 0)
(3.29853e+13 1.75922e+14 0)
(1.09951e+13 2.08907e+14 0)
(-8.79609e+13 2.41893e+14 0)
(-9.8956e+13 1.42937e+14 0)
(-6.59707e+13 1.09951e+14 0)
(-9.8956e+13 1.42937e+14 0)
(-9.8956e+13 1.42937e+14 0)
(-6.59707e+13 1.31941e+14 0)
(-2.41893e+14 -1.09951e+13 0)
(-1.86917e+14 -1.20946e+14 0)
(9.8956e+13 9.8956e+13 0)
(5.49756e+13 9.8956e+13 0)
(-7.69658e+13 3.29853e+13 0)
(-1.20946e+14 1.20946e+14 0)
(-8.79609e+13 7.69658e+13 0)
(-7.69658e+13 1.09951e+13 0)
(-1.31941e+14 5.49756e+13 0)
(-1.97912e+14 -2.19902e+13 0)
(-3.62839e+14 -1.53932e+14 0)
(-2.41893e+14 -8.79609e+13 0)
(4.39805e+13 5.49756e+13 0)
(-4.39805e+13 0 0)
(-5.49756e+13 -2.19902e+13 0)
(-6.59707e+13 3.29853e+13 0)
(-1.75922e+14 2.19902e+13 0)
(-1.20946e+14 -5.49756e+13 0)
(-1.31941e+14 -3.29853e+13 0)
(-3.07863e+14 -6.59707e+13 0)
(-2.96868e+14 -1.31941e+14 0)
(-9.8956e+13 1.09951e+13 0)
)
;

boundaryField
{
    left
    {
        type            calculated;
        value           nonuniform List<vector> 10((0 -8.79609e+13 0) (0 -1.31941e+14 0) (0 3.29853e+13 0) (0 1.86917e+14 0) (0 0 0) (0 -5.49756e+13 0) (0 1.20946e+14 0) (0 1.75922e+14 0) (0 9.8956e+13 0) (0 5.49756e+13 0));
    }
    right
    {
        type            calculated;
        value           nonuniform List<vector> 10((0 1.09951e+13 0) (0 3.29853e+13 0) (0 3.29853e+13 0) (0 -3.29853e+13 0) (0 -8.79609e+13 0) (0 -4.39805e+13 0) (0 -8.79609e+13 0) (0 -1.20946e+14 0) (0 -8.79609e+13 0) (0 1.09951e+13 0));
    }
    top
    {
        type            calculated;
        value           nonuniform List<vector> 10((4.39805e+13 0 0) (-4.39805e+13 0 0) (-5.49756e+13 0 0) (-6.59707e+13 0 0) (-1.75922e+14 0 0) (-1.20946e+14 0 0) (-1.31941e+14 0 0) (-3.07863e+14 0 0) (-2.96868e+14 0 0) (-9.8956e+13 0 0));
    }
    bottom
    {
        type            calculated;
        value           nonuniform List<vector> 10((-1.09951e+14 0 0) (-2.08907e+14 0 0) (-2.19902e+13 0 0) (8.79609e+13 0 0) (-1.86917e+14 0 0) (-1.75922e+14 0 0) (0 0 0) (0 0 0) (4.39805e+13 0 0) (7.69658e+13 0 0));
    }
    defaultFaces
    {
        type            empty;
    }
}


// ************************************************************************* //
