/*--------------------------------*- C++ -*----------------------------------*\
| =========                 |                                                 |
| \\      /  F ield         | OpenFOAM: The Open Source CFD Toolbox           |
|  \\    /   O peration     | Version:  2406                                  |
|   \\  /    A nd           | Website:  www.openfoam.com                      |
|    \\/     M anipulation  |                                                 |
\*---------------------------------------------------------------------------*/
FoamFile
{
    version     2.0;
    format      ascii;
    arch        "LSB;label=32;scalar=64";
    class       volVectorField;
    location    "0.4";
    object      flux;
}
// * * * * * * * * * * * * * * * * * * * * * * * * * * * * * * * * * * * * * //

dimensions      [0 1 -1 1 0 0 0];

internalField   nonuniform List<vector> 
100
(
(-3.04932e-19 -3.04932e-19 0)
(-6.43745e-19 -1.35525e-19 0)
(6.77626e-20 1.35525e-19 0)
(4.06576e-19 2.71051e-19 0)
(-3.04932e-19 6.77626e-20 0)
(-2.37169e-19 -1.35525e-19 0)
(1.35525e-19 -6.77626e-20 0)
(0 -6.77626e-20 0)
(0 -1.35525e-19 0)
(1.01644e-19 -6.77626e-20 0)
(-1.35525e-19 -6.43745e-19 0)
(-2.03288e-19 -1.01644e-19 0)
(4.74338e-19 4.74338e-19 0)
(2.71051e-19 3.72694e-19 0)
(-6.77626e-19 -6.77626e-20 0)
(-3.38813e-19 -3.38813e-20 0)
(1.35525e-19 6.77626e-20 0)
(-3.38813e-20 0 0)
(3.38813e-20 1.35525e-19 0)
(1.35525e-19 3.38813e-20 0)
(2.03288e-19 -1.01644e-19 0)
(4.74338e-19 1.35525e-19 0)
(6.09864e-19 3.38813e-19 0)
(-6.77626e-20 1.01644e-19 0)
(-7.7927e-19 6.77626e-20 0)
(-1.35525e-19 3.38813e-19 0)
(2.03288e-19 1.69407e-19 0)
(6.77626e-20 -1.01644e-19 0)
(0 2.37169e-19 0)
(0 1.69407e-19 0)
(1.01644e-19 4.06576e-19 0)
(2.71051e-19 1.69407e-19 0)
(3.38813e-19 -1.01644e-19 0)
(-6.77626e-20 -2.71051e-19 0)
(-3.38813e-19 -2.03288e-19 0)
(-2.03288e-19 -6.77626e-20 0)
(-3.04932e-19 -3.04932e-19 0)
(0 -2.71051e-19 0)
(3.04932e-19 0 0)
(1.35525e-19 -6.77626e-20 0)
(0 -2.03288e-19 0)
(-6.77626e-20 -1.69407e-19 0)
(3.04932e-19 -5.75982e-19 0)
(-1.69407e-19 -4.06576e-19 0)
(-6.43745e-19 -5.42101e-19 0)
(-2.71051e-19 -2.71051e-19 0)
(6.77626e-20 -3.38813e-19 0)
(3.72694e-19 3.38813e-20 0)
(1.69407e-19 1.01644e-19 0)
(-1.35525e-19 -2.71051e-19 0)
(1.01644e-19 -1.69407e-19 0)
(-1.69407e-19 -1.35525e-19 0)
(6.77626e-20 -2.71051e-19 0)
(-6.77626e-20 -3.72694e-19 0)
(-1.01644e-19 1.35525e-19 0)
(-6.77626e-20 2.71051e-19 0)
(-6.77626e-20 1.35525e-19 0)
(5.0822e-19 3.38813e-20 0)
(0 0 0)
(-3.04932e-19 -3.38813e-20 0)
(1.01644e-19 3.04932e-19 0)
(-1.35525e-19 3.04932e-19 0)
(3.38813e-20 4.74338e-19 0)
(2.37169e-19 1.01644e-19 0)
(-6.77626e-20 2.37169e-19 0)
(-1.69407e-19 2.37169e-19 0)
(-1.35525e-19 2.71051e-19 0)
(2.37169e-19 2.71051e-19 0)
(6.77626e-20 2.03288e-19 0)
(-1.69407e-19 3.38813e-20 0)
(6.77626e-20 2.37169e-19 0)
(6.77626e-20 4.06576e-19 0)
(-1.69407e-19 5.75982e-19 0)
(-2.71051e-19 1.69407e-19 0)
(3.38813e-20 0 0)
(-3.38813e-20 3.04932e-19 0)
(-3.38813e-20 3.72694e-19 0)
(3.38813e-19 4.40457e-19 0)
(-2.37169e-19 3.38813e-20 0)
(-4.06576e-19 -2.03288e-19 0)
(3.04932e-19 3.38813e-20 0)
(1.69407e-19 0 0)
(-1.69407e-19 -1.01644e-19 0)
(-3.04932e-19 1.35525e-19 0)
(3.38813e-20 6.77626e-20 0)
(1.35525e-19 -2.71051e-19 0)
(3.38813e-20 2.37169e-19 0)
(-1.01644e-19 -3.38813e-20 0)
(-5.0822e-19 -5.75982e-19 0)
(-4.06576e-19 -1.35525e-19 0)
(3.38813e-20 3.38813e-20 0)
(-6.77626e-20 -1.69407e-19 0)
(-6.77626e-20 -2.37169e-19 0)
(-1.35525e-19 -3.38813e-20 0)
(-3.04932e-19 -1.01644e-19 0)
(1.35525e-19 -3.38813e-19 0)
(1.69407e-19 -1.35525e-19 0)
(-3.72694e-19 -2.03288e-19 0)
(-3.38813e-19 -3.72694e-19 0)
(3.38813e-20 3.38813e-20 0)
)
;

boundaryField
{
    left
    {
        type            calculated;
        value           nonuniform List<vector> 10((0 -3.04932e-19 0) (0 -6.43745e-19 0) (0 -1.01644e-19 0) (0 4.06576e-19 0) (0 -2.03288e-19 0) (0 -1.69407e-19 0) (0 3.04932e-19 0) (0 2.37169e-19 0) (0 3.38813e-20 0) (0 3.38813e-20 0));
    }
    right
    {
        type            calculated;
        value           nonuniform List<vector> 10((0 -6.77626e-20 0) (0 3.38813e-20 0) (0 1.69407e-19 0) (0 -6.77626e-20 0) (0 -2.71051e-19 0) (0 -3.38813e-20 0) (0 3.38813e-20 0) (0 -2.03288e-19 0) (0 -1.35525e-19 0) (0 3.38813e-20 0));
    }
    top
    {
        type            calculated;
        value           nonuniform List<vector> 10((3.38813e-20 0 0) (-6.77626e-20 0 0) (-6.77626e-20 0 0) (-1.35525e-19 0 0) (-3.04932e-19 0 0) (1.35525e-19 0 0) (1.69407e-19 0 0) (-3.72694e-19 0 0) (-3.38813e-19 0 0) (3.38813e-20 0 0));
    }
    bottom
    {
        type            calculated;
        value           nonuniform List<vector> 10((-3.04932e-19 0 0) (-6.43745e-19 0 0) (6.77626e-20 0 0) (4.06576e-19 0 0) (-3.04932e-19 0 0) (-2.37169e-19 0 0) (1.35525e-19 0 0) (0 0 0) (0 0 0) (1.01644e-19 0 0));
    }
    defaultFaces
    {
        type            empty;
    }
}


// ************************************************************************* //
