/*--------------------------------*- C++ -*----------------------------------*\
| =========                 |                                                 |
| \\      /  F ield         | OpenFOAM: The Open Source CFD Toolbox           |
|  \\    /   O peration     | Version:  2406                                  |
|   \\  /    A nd           | Website:  www.openfoam.com                      |
|    \\/     M anipulation  |                                                 |
\*---------------------------------------------------------------------------*/
FoamFile
{
    version     2.0;
    format      ascii;
    arch        "LSB;label=32;scalar=64";
    class       volVectorField;
    location    "2.3";
    object      flux;
}
// * * * * * * * * * * * * * * * * * * * * * * * * * * * * * * * * * * * * * //

dimensions      [0 1 -1 1 0 0 0];

internalField   nonuniform List<vector> 
100
(
(-8.18545e-11 -8.18545e-11 0)
(-2.00089e-10 -3.63798e-11 0)
(-3.63798e-11 1.81899e-11 0)
(2.72848e-11 8.18545e-11 0)
(-1.72804e-10 2.72848e-11 0)
(-1.09139e-10 0 0)
(5.45697e-11 0 0)
(-9.09495e-12 -9.09495e-12 0)
(2.72848e-11 0 0)
(5.45697e-11 -9.09495e-12 0)
(-3.63798e-11 -2.00089e-10 0)
(-9.09495e-11 -4.54747e-11 0)
(7.27596e-11 1.54614e-10 0)
(1.81899e-11 1.63709e-10 0)
(-2.54659e-10 3.63798e-11 0)
(-1.27329e-10 4.54747e-11 0)
(4.54747e-11 5.45697e-11 0)
(-9.09495e-12 9.09495e-12 0)
(1.81899e-11 1.00044e-10 0)
(6.36646e-11 4.54747e-11 0)
(5.45697e-11 -3.63798e-11 0)
(1.54614e-10 1.81899e-11 0)
(1.72804e-10 1.18234e-10 0)
(-7.27596e-11 6.36646e-11 0)
(-2.81943e-10 6.36646e-11 0)
(-1.09139e-10 1.18234e-10 0)
(2.72848e-11 4.54747e-11 0)
(2.72848e-11 0 0)
(3.63798e-11 8.18545e-11 0)
(9.09495e-12 4.54747e-11 0)
(3.63798e-11 1.27329e-10 0)
(6.36646e-11 7.27596e-11 0)
(1.00044e-10 -6.36646e-11 0)
(-3.63798e-11 -1.00044e-10 0)
(-2.00089e-10 -6.36646e-11 0)
(-1.63709e-10 9.09495e-12 0)
(-7.27596e-11 -7.27596e-11 0)
(3.63798e-11 -4.54747e-11 0)
(7.27596e-11 0 0)
(3.63798e-11 -5.45697e-11 0)
(-9.09495e-12 -4.54747e-11 0)
(-1.81899e-11 -5.45697e-11 0)
(2.72848e-11 -1.36424e-10 0)
(-9.09495e-11 -1.45519e-10 0)
(-1.81899e-10 -1.54614e-10 0)
(-1.00044e-10 -4.54747e-11 0)
(-2.72848e-11 -6.36646e-11 0)
(1.00044e-10 9.09495e-12 0)
(2.72848e-11 1.81899e-11 0)
(-6.36646e-11 -9.09495e-11 0)
(1.81899e-11 -4.54747e-11 0)
(-4.54747e-11 -1.81899e-11 0)
(0 -4.54747e-11 0)
(-3.63798e-11 -2.72848e-11 0)
(-8.18545e-11 7.27596e-11 0)
(-9.09495e-11 8.18545e-11 0)
(-9.09495e-12 1.18234e-10 0)
(1.36424e-10 9.09495e-11 0)
(-3.63798e-11 0 0)
(-9.09495e-11 -2.72848e-11 0)
(2.72848e-11 9.09495e-11 0)
(-9.09495e-12 1.45519e-10 0)
(9.09495e-12 1.72804e-10 0)
(2.72848e-11 1.18234e-10 0)
(-8.18545e-11 1.63709e-10 0)
(-4.54747e-11 1.27329e-10 0)
(-9.09495e-12 1.45519e-10 0)
(-1.81899e-11 1.09139e-10 0)
(-9.09495e-11 3.63798e-11 0)
(-8.18545e-11 -1.81899e-11 0)
(5.45697e-11 1.63709e-10 0)
(4.54747e-11 1.72804e-10 0)
(-4.54747e-11 2.36469e-10 0)
(-4.54747e-11 9.09495e-11 0)
(-6.36646e-11 1.09139e-10 0)
(-1.00044e-10 1.00044e-10 0)
(-3.63798e-11 9.09495e-11 0)
(0 7.27596e-11 0)
(-1.54614e-10 -3.63798e-11 0)
(-1.54614e-10 -1.18234e-10 0)
(6.36646e-11 1.27329e-10 0)
(4.54747e-11 5.45697e-11 0)
(-6.36646e-11 4.54747e-11 0)
(-9.09495e-11 7.27596e-11 0)
(-8.18545e-11 1.81899e-11 0)
(-7.27596e-11 -1.81899e-11 0)
(-4.54747e-11 5.45697e-11 0)
(-1.36424e-10 -6.36646e-11 0)
(-2.54659e-10 -2.18279e-10 0)
(-1.63709e-10 -1.18234e-10 0)
(0 4.54747e-11 0)
(-3.63798e-11 0 0)
(-3.63798e-11 -3.63798e-11 0)
(-7.27596e-11 1.81899e-11 0)
(-1.45519e-10 -1.81899e-11 0)
(-8.18545e-11 -4.54747e-11 0)
(-6.36646e-11 -2.72848e-11 0)
(-2.63753e-10 -6.36646e-11 0)
(-2.36469e-10 -1.45519e-10 0)
(-5.45697e-11 -4.54747e-11 0)
)
;

boundaryField
{
    left
    {
        type            calculated;
        value           nonuniform List<vector> 10((0 -8.18545e-11 0) (0 -2.00089e-10 0) (0 -3.63798e-11 0) (0 1.27329e-10 0) (0 -4.54747e-11 0) (0 -4.54747e-11 0) (0 9.09495e-11 0) (0 1.63709e-10 0) (0 1.27329e-10 0) (0 4.54747e-11 0));
    }
    right
    {
        type            calculated;
        value           nonuniform List<vector> 10((0 -9.09495e-12 0) (0 4.54747e-11 0) (0 4.54747e-11 0) (0 -5.45697e-11 0) (0 -9.09495e-11 0) (0 -2.72848e-11 0) (0 -1.81899e-11 0) (0 -1.18234e-10 0) (0 -1.18234e-10 0) (0 -4.54747e-11 0));
    }
    top
    {
        type            calculated;
        value           nonuniform List<vector> 10((0 0 0) (-3.63798e-11 0 0) (-3.63798e-11 0 0) (-7.27596e-11 0 0) (-1.45519e-10 0 0) (-8.18545e-11 0 0) (-6.36646e-11 0 0) (-2.63753e-10 0 0) (-2.36469e-10 0 0) (-5.45697e-11 0 0));
    }
    bottom
    {
        type            calculated;
        value           nonuniform List<vector> 10((-8.18545e-11 0 0) (-2.00089e-10 0 0) (-3.63798e-11 0 0) (2.72848e-11 0 0) (-1.72804e-10 0 0) (-1.09139e-10 0 0) (5.45697e-11 0 0) (-9.09495e-12 0 0) (2.72848e-11 0 0) (5.45697e-11 0 0));
    }
    defaultFaces
    {
        type            empty;
    }
}


// ************************************************************************* //
