/*--------------------------------*- C++ -*----------------------------------*\
| =========                 |                                                 |
| \\      /  F ield         | OpenFOAM: The Open Source CFD Toolbox           |
|  \\    /   O peration     | Version:  2406                                  |
|   \\  /    A nd           | Website:  www.openfoam.com                      |
|    \\/     M anipulation  |                                                 |
\*---------------------------------------------------------------------------*/
FoamFile
{
    version     2.0;
    format      ascii;
    arch        "LSB;label=32;scalar=64";
    class       volVectorField;
    location    "5.4";
    object      flux;
}
// * * * * * * * * * * * * * * * * * * * * * * * * * * * * * * * * * * * * * //

dimensions      [0 1 -1 1 0 0 0];

internalField   nonuniform List<vector> 
100
(
(-6400 -4480 0)
(-11520 640 0)
(1920 2560 0)
(1280 5120 0)
(-12800 3200 0)
(-8320 0 0)
(1280 -640 0)
(1920 1920 0)
(3840 1280 0)
(4480 0 0)
(-1280 -11520 0)
(-2560 0 0)
(5760 10880 0)
(1920 8960 0)
(-17920 2560 0)
(-11520 2560 0)
(3200 4480 0)
(2560 3840 0)
(2560 6400 0)
(3200 4480 0)
(5120 -1280 0)
(9600 1920 0)
(10240 5760 0)
(-5760 640 0)
(-19200 1280 0)
(-8320 8320 0)
(3200 3840 0)
(4480 0 0)
(3200 7040 0)
(2560 6400 0)
(2560 8320 0)
(5120 3200 0)
(4480 -4480 0)
(-3840 -5760 0)
(-10880 -2560 0)
(-8960 2560 0)
(-3840 -640 0)
(5760 -1280 0)
(8320 3200 0)
(3200 -3840 0)
(-1280 0 0)
(-3200 -1920 0)
(2560 -7040 0)
(-3840 -8320 0)
(-10880 -7040 0)
(-6400 -2560 0)
(-640 -2560 0)
(7680 1280 0)
(1280 -640 0)
(-5120 -7680 0)
(1280 0 0)
(-3200 3200 0)
(-1920 1280 0)
(-1920 0 0)
(-5760 5760 0)
(-5120 7680 0)
(-640 6400 0)
(8960 2560 0)
(-1280 -3200 0)
(-4480 -2560 0)
(1280 10880 0)
(-1280 12160 0)
(-1920 13440 0)
(0 8960 0)
(-3200 10880 0)
(-5120 10240 0)
(-3840 8960 0)
(-3200 5760 0)
(-3200 -1920 0)
(-4480 -7040 0)
(1920 9600 0)
(0 14080 0)
(-5760 15360 0)
(-4480 7680 0)
(-3200 5760 0)
(-7040 6400 0)
(-6400 5760 0)
(-2560 3840 0)
(-12160 -3200 0)
(-10880 -10240 0)
(6400 5760 0)
(3840 5120 0)
(-7040 3840 0)
(-10240 5120 0)
(-5120 640 0)
(-5120 -3840 0)
(-5760 0 0)
(-11520 -3840 0)
(-17920 -12800 0)
(-10240 -4480 0)
(2560 3840 0)
(-2560 0 0)
(-5760 -1920 0)
(-7040 1280 0)
(-11520 1280 0)
(-8960 -5120 0)
(-7040 -3840 0)
(-15360 -5120 0)
(-14080 -8320 0)
(-2560 -1280 0)
)
;

boundaryField
{
    left
    {
        type            calculated;
        value           nonuniform List<vector> 10((0 -4480 0) (0 -11520 0) (0 -1280 0) (0 8320 0) (0 0 0) (0 0 0) (0 10880 0) (0 9600 0) (0 5760 0) (0 3840 0));
    }
    right
    {
        type            calculated;
        value           nonuniform List<vector> 10((0 0 0) (0 4480 0) (0 6400 0) (0 -3840 0) (0 -7680 0) (0 -2560 0) (0 -7040 0) (0 -10240 0) (0 -4480 0) (0 -1280 0));
    }
    top
    {
        type            calculated;
        value           nonuniform List<vector> 10((2560 0 0) (-2560 0 0) (-5760 0 0) (-7040 0 0) (-11520 0 0) (-8960 0 0) (-7040 0 0) (-15360 0 0) (-14080 0 0) (-2560 0 0));
    }
    bottom
    {
        type            calculated;
        value           nonuniform List<vector> 10((-6400 0 0) (-11520 0 0) (1920 0 0) (1280 0 0) (-12800 0 0) (-8320 0 0) (1280 0 0) (1920 0 0) (3840 0 0) (4480 0 0));
    }
    defaultFaces
    {
        type            empty;
    }
}


// ************************************************************************* //
