/*--------------------------------*- C++ -*----------------------------------*\
| =========                 |                                                 |
| \\      /  F ield         | OpenFOAM: The Open Source CFD Toolbox           |
|  \\    /   O peration     | Version:  2406                                  |
|   \\  /    A nd           | Website:  www.openfoam.com                      |
|    \\/     M anipulation  |                                                 |
\*---------------------------------------------------------------------------*/
FoamFile
{
    version     2.0;
    format      ascii;
    arch        "LSB;label=32;scalar=64";
    class       volVectorField;
    location    "5.75";
    object      flux;
}
// * * * * * * * * * * * * * * * * * * * * * * * * * * * * * * * * * * * * * //

dimensions      [0 1 -1 1 0 0 0];

internalField   nonuniform List<vector> 
100
(
(-184320 -184320 0)
(-409600 -61440 0)
(-61440 81920 0)
(184320 204800 0)
(-450560 40960 0)
(-307200 0 0)
(122880 0 0)
(81920 61440 0)
(163840 0 0)
(184320 -81920 0)
(-81920 -450560 0)
(-163840 -163840 0)
(245760 389120 0)
(122880 368640 0)
(-655360 40960 0)
(-368640 102400 0)
(204800 143360 0)
(61440 122880 0)
(20480 204800 0)
(102400 -20480 0)
(122880 -20480 0)
(368640 61440 0)
(491520 286720 0)
(-143360 143360 0)
(-716800 102400 0)
(-204800 307200 0)
(163840 143360 0)
(122880 -20480 0)
(0 225280 0)
(-40960 184320 0)
(61440 266240 0)
(143360 163840 0)
(266240 -81920 0)
(-40960 -225280 0)
(-450560 -102400 0)
(-348160 102400 0)
(-122880 -81920 0)
(122880 -102400 0)
(245760 20480 0)
(102400 -81920 0)
(-40960 0 0)
(61440 0 0)
(163840 -245760 0)
(-225280 -307200 0)
(-389120 -327680 0)
(-204800 -40960 0)
(-61440 -122880 0)
(266240 20480 0)
(40960 20480 0)
(-184320 -266240 0)
(40960 0 0)
(-102400 102400 0)
(-20480 -81920 0)
(-102400 -20480 0)
(-184320 184320 0)
(-163840 204800 0)
(-81920 143360 0)
(327680 81920 0)
(-61440 -81920 0)
(-204800 -102400 0)
(122880 368640 0)
(-40960 389120 0)
(40960 471040 0)
(40960 266240 0)
(-184320 450560 0)
(-204800 348160 0)
(-122880 368640 0)
(0 184320 0)
(-163840 0 0)
(-204800 -184320 0)
(61440 552960 0)
(0 573440 0)
(-184320 675840 0)
(-122880 348160 0)
(-102400 307200 0)
(-225280 307200 0)
(-225280 286720 0)
(-102400 184320 0)
(-450560 -204800 0)
(-368640 -368640 0)
(184320 327680 0)
(102400 286720 0)
(-225280 163840 0)
(-286720 307200 0)
(-225280 81920 0)
(-266240 -61440 0)
(-307200 61440 0)
(-450560 -143360 0)
(-655360 -471040 0)
(-348160 -204800 0)
(0 184320 0)
(-225280 20480 0)
(-184320 -163840 0)
(-204800 40960 0)
(-409600 -81920 0)
(-266240 -143360 0)
(-286720 -61440 0)
(-655360 -143360 0)
(-532480 -225280 0)
(-163840 -61440 0)
)
;

boundaryField
{
    left
    {
        type            calculated;
        value           nonuniform List<vector> 10((0 -184320 0) (0 -450560 0) (0 -20480 0) (0 266240 0) (0 0 0) (0 0 0) (0 368640 0) (0 552960 0) (0 327680 0) (0 184320 0));
    }
    right
    {
        type            calculated;
        value           nonuniform List<vector> 10((0 -81920 0) (0 -20480 0) (0 184320 0) (0 -81920 0) (0 -266240 0) (0 -102400 0) (0 -184320 0) (0 -368640 0) (0 -204800 0) (0 -61440 0));
    }
    top
    {
        type            calculated;
        value           nonuniform List<vector> 10((0 0 0) (-225280 0 0) (-184320 0 0) (-204800 0 0) (-409600 0 0) (-266240 0 0) (-286720 0 0) (-655360 0 0) (-532480 0 0) (-163840 0 0));
    }
    bottom
    {
        type            calculated;
        value           nonuniform List<vector> 10((-184320 0 0) (-409600 0 0) (-61440 0 0) (184320 0 0) (-450560 0 0) (-307200 0 0) (122880 0 0) (81920 0 0) (163840 0 0) (184320 0 0));
    }
    defaultFaces
    {
        type            empty;
    }
}


// ************************************************************************* //
