/*--------------------------------*- C++ -*----------------------------------*\
| =========                 |                                                 |
| \\      /  F ield         | OpenFOAM: The Open Source CFD Toolbox           |
|  \\    /   O peration     | Version:  2406                                  |
|   \\  /    A nd           | Website:  www.openfoam.com                      |
|    \\/     M anipulation  |                                                 |
\*---------------------------------------------------------------------------*/
FoamFile
{
    version     2.0;
    format      ascii;
    arch        "LSB;label=32;scalar=64";
    class       volVectorField;
    location    "3.15";
    object      flux;
}
// * * * * * * * * * * * * * * * * * * * * * * * * * * * * * * * * * * * * * //

dimensions      [0 1 -1 1 0 0 0];

internalField   nonuniform List<vector> 
100
(
(-4.47035e-07 -4.47035e-07 0)
(-8.9407e-07 -7.45058e-08 0)
(0 1.49012e-07 0)
(2.23517e-07 5.21541e-07 0)
(-1.04308e-06 2.23517e-07 0)
(-1.11759e-06 0 0)
(2.23517e-07 2.23517e-07 0)
(2.23517e-07 0 0)
(4.47035e-07 0 0)
(4.47035e-07 -7.45058e-08 0)
(-7.45058e-08 -9.68575e-07 0)
(-2.23517e-07 -3.72529e-07 0)
(5.96046e-07 9.68575e-07 0)
(2.23517e-07 8.19564e-07 0)
(-1.63913e-06 1.49012e-07 0)
(-9.68575e-07 2.98023e-07 0)
(2.23517e-07 6.70552e-07 0)
(0 3.72529e-07 0)
(3.72529e-07 5.21541e-07 0)
(3.72529e-07 0 0)
(1.49012e-07 7.45058e-08 0)
(8.9407e-07 2.23517e-07 0)
(1.11759e-06 3.72529e-07 0)
(-3.72529e-07 3.72529e-07 0)
(-1.71363e-06 2.98023e-07 0)
(-5.96046e-07 6.70552e-07 0)
(2.98023e-07 3.72529e-07 0)
(0 1.49012e-07 0)
(0 4.47035e-07 0)
(0 7.45058e-08 0)
(0 5.96046e-07 0)
(2.98023e-07 3.72529e-07 0)
(8.19564e-07 -4.47035e-07 0)
(-1.49012e-07 -5.96046e-07 0)
(-1.04308e-06 -4.47035e-07 0)
(-9.68575e-07 1.49012e-07 0)
(-4.47035e-07 -5.21541e-07 0)
(7.45058e-08 -2.98023e-07 0)
(3.72529e-07 0 0)
(2.23517e-07 -2.23517e-07 0)
(0 -2.98023e-07 0)
(-2.23517e-07 -2.98023e-07 0)
(2.98023e-07 -6.70552e-07 0)
(-4.47035e-07 -8.9407e-07 0)
(-1.04308e-06 -9.68575e-07 0)
(-5.96046e-07 -3.72529e-07 0)
(0 -4.47035e-07 0)
(5.21541e-07 -1.49012e-07 0)
(-1.49012e-07 2.23517e-07 0)
(-2.98023e-07 -4.47035e-07 0)
(0 -7.45058e-08 0)
(-2.98023e-07 1.49012e-07 0)
(2.23517e-07 7.45058e-08 0)
(-2.23517e-07 -7.45058e-08 0)
(-5.21541e-07 6.70552e-07 0)
(-5.21541e-07 6.70552e-07 0)
(-2.98023e-07 5.96046e-07 0)
(8.9407e-07 2.23517e-07 0)
(0 -2.23517e-07 0)
(-5.21541e-07 -2.23517e-07 0)
(2.98023e-07 7.45058e-07 0)
(7.45058e-08 1.19209e-06 0)
(0 1.3411e-06 0)
(0 5.21541e-07 0)
(-2.98023e-07 8.19564e-07 0)
(-5.96046e-07 6.70552e-07 0)
(-4.47035e-07 7.45058e-07 0)
(-2.98023e-07 5.96046e-07 0)
(-3.72529e-07 -7.45058e-08 0)
(-3.72529e-07 -4.47035e-07 0)
(2.98023e-07 1.11759e-06 0)
(2.98023e-07 1.11759e-06 0)
(-5.21541e-07 1.41561e-06 0)
(-6.70552e-07 8.19564e-07 0)
(-3.72529e-07 5.96046e-07 0)
(-5.21541e-07 6.70552e-07 0)
(-3.72529e-07 5.96046e-07 0)
(-1.49012e-07 4.47035e-07 0)
(-1.04308e-06 -2.23517e-07 0)
(-8.19564e-07 -8.19564e-07 0)
(5.21541e-07 7.45058e-07 0)
(2.98023e-07 5.21541e-07 0)
(-4.47035e-07 2.98023e-07 0)
(-8.19564e-07 7.45058e-07 0)
(-5.96046e-07 2.98023e-07 0)
(-4.47035e-07 -7.45058e-08 0)
(-5.96046e-07 3.72529e-07 0)
(-1.04308e-06 -1.49012e-07 0)
(-1.71363e-06 -1.3411e-06 0)
(-9.68575e-07 -6.70552e-07 0)
(0 2.98023e-07 0)
(-1.49012e-07 -1.49012e-07 0)
(0 -2.23517e-07 0)
(-6.70552e-07 3.72529e-07 0)
(-1.19209e-06 0 0)
(-5.21541e-07 -3.72529e-07 0)
(-5.96046e-07 -1.49012e-07 0)
(-1.78814e-06 -4.47035e-07 0)
(-1.56462e-06 -7.45058e-07 0)
(-2.98023e-07 -2.23517e-07 0)
)
;

boundaryField
{
    left
    {
        type            calculated;
        value           nonuniform List<vector> 10((0 -4.47035e-07 0) (0 -9.68575e-07 0) (0 7.45058e-08 0) (0 5.96046e-07 0) (0 -2.98023e-07 0) (0 -7.45058e-08 0) (0 7.45058e-07 0) (0 1.11759e-06 0) (0 7.45058e-07 0) (0 2.98023e-07 0));
    }
    right
    {
        type            calculated;
        value           nonuniform List<vector> 10((0 -7.45058e-08 0) (0 0 0) (0 7.45058e-08 0) (0 -2.23517e-07 0) (0 -4.47035e-07 0) (0 -2.23517e-07 0) (0 -4.47035e-07 0) (0 -8.19564e-07 0) (0 -6.70552e-07 0) (0 -2.23517e-07 0));
    }
    top
    {
        type            calculated;
        value           nonuniform List<vector> 10((0 0 0) (-1.49012e-07 0 0) (0 0 0) (-6.70552e-07 0 0) (-1.19209e-06 0 0) (-5.21541e-07 0 0) (-5.96046e-07 0 0) (-1.78814e-06 0 0) (-1.56462e-06 0 0) (-2.98023e-07 0 0));
    }
    bottom
    {
        type            calculated;
        value           nonuniform List<vector> 10((-4.47035e-07 0 0) (-8.9407e-07 0 0) (0 0 0) (2.23517e-07 0 0) (-1.04308e-06 0 0) (-1.11759e-06 0 0) (2.23517e-07 0 0) (2.23517e-07 0 0) (4.47035e-07 0 0) (4.47035e-07 0 0));
    }
    defaultFaces
    {
        type            empty;
    }
}


// ************************************************************************* //
