/*--------------------------------*- C++ -*----------------------------------*\
| =========                 |                                                 |
| \\      /  F ield         | OpenFOAM: The Open Source CFD Toolbox           |
|  \\    /   O peration     | Version:  2406                                  |
|   \\  /    A nd           | Website:  www.openfoam.com                      |
|    \\/     M anipulation  |                                                 |
\*---------------------------------------------------------------------------*/
FoamFile
{
    version     2.0;
    format      ascii;
    arch        "LSB;label=32;scalar=64";
    class       volVectorField;
    location    "1.6";
    object      flux;
}
// * * * * * * * * * * * * * * * * * * * * * * * * * * * * * * * * * * * * * //

dimensions      [0 1 -1 1 0 0 0];

internalField   nonuniform List<vector> 
100
(
(-7.10543e-14 -7.10543e-14 0)
(-1.5099e-13 -2.66454e-14 0)
(-5.32907e-14 3.55271e-14 0)
(1.77636e-14 7.99361e-14 0)
(-1.24345e-13 2.66454e-14 0)
(-9.76996e-14 -8.88178e-15 0)
(3.55271e-14 2.66454e-14 0)
(2.66454e-14 1.77636e-14 0)
(7.99361e-14 8.88178e-15 0)
(6.21725e-14 1.77636e-14 0)
(-2.66454e-14 -1.33227e-13 0)
(-4.44089e-14 -3.55271e-14 0)
(4.44089e-14 1.15463e-13 0)
(0 1.24345e-13 0)
(-2.13163e-13 2.66454e-14 0)
(-1.06581e-13 3.55271e-14 0)
(7.10543e-14 4.44089e-14 0)
(8.88178e-15 2.66454e-14 0)
(7.10543e-14 5.32907e-14 0)
(7.10543e-14 -1.77636e-14 0)
(2.66454e-14 -8.88178e-15 0)
(8.88178e-14 0 0)
(1.24345e-13 6.21725e-14 0)
(-6.21725e-14 1.77636e-14 0)
(-2.30926e-13 2.66454e-14 0)
(-7.99361e-14 7.99361e-14 0)
(4.44089e-14 2.66454e-14 0)
(3.55271e-14 -1.77636e-14 0)
(4.44089e-14 6.21725e-14 0)
(8.88178e-15 1.77636e-14 0)
(0 5.32907e-14 0)
(2.66454e-14 3.55271e-14 0)
(4.44089e-14 -6.21725e-14 0)
(-4.44089e-14 -7.99361e-14 0)
(-1.24345e-13 -7.10543e-14 0)
(-1.06581e-13 1.77636e-14 0)
(-4.44089e-14 -5.32907e-14 0)
(6.21725e-14 -8.88178e-15 0)
(7.10543e-14 8.88178e-15 0)
(3.55271e-14 -5.32907e-14 0)
(-8.88178e-15 -5.32907e-14 0)
(-2.66454e-14 -4.44089e-14 0)
(3.55271e-14 -9.76996e-14 0)
(-7.99361e-14 -7.99361e-14 0)
(-1.33227e-13 -8.88178e-14 0)
(-7.10543e-14 -1.77636e-14 0)
(2.66454e-14 -1.77636e-14 0)
(8.88178e-14 1.77636e-14 0)
(8.88178e-15 8.88178e-15 0)
(-5.32907e-14 -5.32907e-14 0)
(8.88178e-15 -3.55271e-14 0)
(-3.55271e-14 0 0)
(8.88178e-15 -1.77636e-14 0)
(-3.55271e-14 8.88178e-15 0)
(-6.21725e-14 7.99361e-14 0)
(-3.55271e-14 9.76996e-14 0)
(-8.88178e-15 8.88178e-14 0)
(9.76996e-14 2.66454e-14 0)
(8.88178e-15 -8.88178e-15 0)
(-4.44089e-14 -1.77636e-14 0)
(3.55271e-14 7.10543e-14 0)
(8.88178e-15 8.88178e-14 0)
(2.66454e-14 1.15463e-13 0)
(8.88178e-15 7.10543e-14 0)
(-4.44089e-14 1.15463e-13 0)
(-4.44089e-14 1.06581e-13 0)
(-4.44089e-14 1.06581e-13 0)
(-1.77636e-14 7.99361e-14 0)
(-5.32907e-14 8.88178e-15 0)
(-7.10543e-14 -7.10543e-14 0)
(3.55271e-14 7.99361e-14 0)
(8.88178e-15 1.24345e-13 0)
(-8.88178e-15 1.33227e-13 0)
(-1.77636e-14 6.21725e-14 0)
(-2.66454e-14 7.99361e-14 0)
(-5.32907e-14 6.21725e-14 0)
(-3.55271e-14 5.32907e-14 0)
(-1.77636e-14 6.21725e-14 0)
(-1.33227e-13 -6.21725e-14 0)
(-1.15463e-13 -1.06581e-13 0)
(8.88178e-14 7.99361e-14 0)
(7.10543e-14 6.21725e-14 0)
(-3.55271e-14 5.32907e-14 0)
(-6.21725e-14 4.44089e-14 0)
(-4.44089e-14 1.77636e-14 0)
(-6.21725e-14 -3.55271e-14 0)
(-4.44089e-14 3.55271e-14 0)
(-1.33227e-13 -4.44089e-14 0)
(-2.13163e-13 -1.59872e-13 0)
(-9.76996e-14 -7.99361e-14 0)
(8.88178e-15 5.32907e-14 0)
(-3.55271e-14 -2.66454e-14 0)
(-8.88178e-15 -3.55271e-14 0)
(-4.44089e-14 1.77636e-14 0)
(-1.06581e-13 -2.66454e-14 0)
(-2.66454e-14 -5.32907e-14 0)
(-6.21725e-14 0 0)
(-2.04281e-13 -5.32907e-14 0)
(-1.68754e-13 -7.99361e-14 0)
(-4.44089e-14 -1.77636e-14 0)
)
;

boundaryField
{
    left
    {
        type            calculated;
        value           nonuniform List<vector> 10((0 -7.10543e-14 0) (0 -1.33227e-13 0) (0 -8.88178e-15 0) (0 5.32907e-14 0) (0 -5.32907e-14 0) (0 -3.55271e-14 0) (0 7.10543e-14 0) (0 7.99361e-14 0) (0 7.99361e-14 0) (0 5.32907e-14 0));
    }
    right
    {
        type            calculated;
        value           nonuniform List<vector> 10((0 1.77636e-14 0) (0 -1.77636e-14 0) (0 1.77636e-14 0) (0 -5.32907e-14 0) (0 -5.32907e-14 0) (0 -1.77636e-14 0) (0 -7.10543e-14 0) (0 -1.06581e-13 0) (0 -7.99361e-14 0) (0 -1.77636e-14 0));
    }
    top
    {
        type            calculated;
        value           nonuniform List<vector> 10((8.88178e-15 0 0) (-3.55271e-14 0 0) (-8.88178e-15 0 0) (-4.44089e-14 0 0) (-1.06581e-13 0 0) (-2.66454e-14 0 0) (-6.21725e-14 0 0) (-2.04281e-13 0 0) (-1.68754e-13 0 0) (-4.44089e-14 0 0));
    }
    bottom
    {
        type            calculated;
        value           nonuniform List<vector> 10((-7.10543e-14 0 0) (-1.5099e-13 0 0) (-5.32907e-14 0 0) (1.77636e-14 0 0) (-1.24345e-13 0 0) (-9.76996e-14 0 0) (3.55271e-14 0 0) (2.66454e-14 0 0) (7.99361e-14 0 0) (6.21725e-14 0 0));
    }
    defaultFaces
    {
        type            empty;
    }
}


// ************************************************************************* //
