/*--------------------------------*- C++ -*----------------------------------*\
| =========                 |                                                 |
| \\      /  F ield         | OpenFOAM: The Open Source CFD Toolbox           |
|  \\    /   O peration     | Version:  2406                                  |
|   \\  /    A nd           | Website:  www.openfoam.com                      |
|    \\/     M anipulation  |                                                 |
\*---------------------------------------------------------------------------*/
FoamFile
{
    version     2.0;
    format      ascii;
    arch        "LSB;label=32;scalar=64";
    class       volVectorField;
    location    "6.35";
    object      flux;
}
// * * * * * * * * * * * * * * * * * * * * * * * * * * * * * * * * * * * * * //

dimensions      [0 1 -1 1 0 0 0];

internalField   nonuniform List<vector> 
100
(
(-6.29146e+07 -6.29146e+07 0)
(-1.57286e+08 0 0)
(1.04858e+07 8.38861e+07 0)
(2.09715e+07 7.34003e+07 0)
(-2.41172e+08 7.34003e+07 0)
(-1.04858e+08 2.09715e+07 0)
(1.04858e+08 4.1943e+07 0)
(8.38861e+07 4.1943e+07 0)
(1.25829e+08 0 0)
(9.43718e+07 0 0)
(1.04858e+07 -1.78258e+08 0)
(-3.14573e+07 -4.1943e+07 0)
(9.43718e+07 1.78258e+08 0)
(3.14573e+07 1.67772e+08 0)
(-3.14573e+08 6.29146e+07 0)
(-1.46801e+08 9.43718e+07 0)
(1.36315e+08 8.38861e+07 0)
(4.1943e+07 6.29146e+07 0)
(8.38861e+07 9.43718e+07 0)
(9.43718e+07 -3.14573e+07 0)
(7.34003e+07 -2.09715e+07 0)
(1.88744e+08 3.14573e+07 0)
(2.20201e+08 1.15343e+08 0)
(-9.43718e+07 6.29146e+07 0)
(-3.14573e+08 6.29146e+07 0)
(-9.43718e+07 1.46801e+08 0)
(7.34003e+07 6.29146e+07 0)
(9.43718e+07 -4.1943e+07 0)
(2.09715e+07 7.34003e+07 0)
(-1.04858e+07 6.29146e+07 0)
(5.24288e+07 9.43718e+07 0)
(1.15343e+08 5.24288e+07 0)
(1.36315e+08 -5.24288e+07 0)
(-2.09715e+07 -1.04858e+08 0)
(-2.09715e+08 -2.09715e+07 0)
(-1.57286e+08 7.34003e+07 0)
(-5.24288e+07 0 0)
(8.38861e+07 -2.09715e+07 0)
(1.46801e+08 0 0)
(6.29146e+07 -7.34003e+07 0)
(4.1943e+07 -2.09715e+07 0)
(4.1943e+07 -2.09715e+07 0)
(7.34003e+07 -1.36315e+08 0)
(-7.34003e+07 -1.46801e+08 0)
(-1.57286e+08 -1.46801e+08 0)
(-5.24288e+07 -2.09715e+07 0)
(-2.09715e+07 -6.29146e+07 0)
(8.38861e+07 1.04858e+07 0)
(-1.04858e+07 2.09715e+07 0)
(-8.38861e+07 -1.46801e+08 0)
(7.34003e+07 6.29146e+07 0)
(-2.09715e+07 7.34003e+07 0)
(-1.04858e+07 -2.09715e+07 0)
(-1.04858e+07 0 0)
(-6.29146e+07 7.34003e+07 0)
(-9.43718e+07 8.38861e+07 0)
(-4.1943e+07 3.14573e+07 0)
(1.57286e+08 3.14573e+07 0)
(0 -3.14573e+07 0)
(-1.04858e+08 -4.1943e+07 0)
(6.29146e+07 2.20201e+08 0)
(-3.14573e+07 2.30687e+08 0)
(0 2.51658e+08 0)
(1.04858e+07 1.36315e+08 0)
(-7.34003e+07 1.88744e+08 0)
(-9.43718e+07 1.57286e+08 0)
(-4.1943e+07 1.67772e+08 0)
(1.04858e+07 9.43718e+07 0)
(-5.24288e+07 0 0)
(-9.43718e+07 -7.34003e+07 0)
(5.24288e+07 2.20201e+08 0)
(0 2.62144e+08 0)
(-1.04858e+08 3.04087e+08 0)
(-5.24288e+07 1.57286e+08 0)
(-3.14573e+07 1.67772e+08 0)
(-1.15343e+08 1.67772e+08 0)
(-1.15343e+08 1.46801e+08 0)
(-2.09715e+07 7.34003e+07 0)
(-1.99229e+08 -7.34003e+07 0)
(-1.88744e+08 -2.09715e+08 0)
(1.25829e+08 1.46801e+08 0)
(6.29146e+07 1.25829e+08 0)
(-1.04858e+08 1.15343e+08 0)
(-1.46801e+08 1.36315e+08 0)
(-9.43718e+07 6.29146e+07 0)
(-1.04858e+08 -2.09715e+07 0)
(-1.25829e+08 7.34003e+07 0)
(-1.99229e+08 -6.29146e+07 0)
(-3.25059e+08 -2.7263e+08 0)
(-1.99229e+08 -1.25829e+08 0)
(3.14573e+07 8.38861e+07 0)
(-3.14573e+07 0 0)
(-6.29146e+07 -2.09715e+07 0)
(-1.25829e+08 5.24288e+07 0)
(-1.78258e+08 0 0)
(-1.15343e+08 -3.14573e+07 0)
(-1.78258e+08 -2.09715e+07 0)
(-3.4603e+08 -9.43718e+07 0)
(-2.7263e+08 -1.46801e+08 0)
(-6.29146e+07 -3.14573e+07 0)
)
;

boundaryField
{
    left
    {
        type            calculated;
        value           nonuniform List<vector> 10((0 -6.29146e+07 0) (0 -1.78258e+08 0) (0 -2.09715e+07 0) (0 9.43718e+07 0) (0 -2.09715e+07 0) (0 6.29146e+07 0) (0 2.20201e+08 0) (0 2.20201e+08 0) (0 1.46801e+08 0) (0 8.38861e+07 0));
    }
    right
    {
        type            calculated;
        value           nonuniform List<vector> 10((0 0 0) (0 -3.14573e+07 0) (0 6.29146e+07 0) (0 -7.34003e+07 0) (0 -1.46801e+08 0) (0 -4.1943e+07 0) (0 -7.34003e+07 0) (0 -2.09715e+08 0) (0 -1.25829e+08 0) (0 -3.14573e+07 0));
    }
    top
    {
        type            calculated;
        value           nonuniform List<vector> 10((3.14573e+07 0 0) (-3.14573e+07 0 0) (-6.29146e+07 0 0) (-1.25829e+08 0 0) (-1.78258e+08 0 0) (-1.15343e+08 0 0) (-1.78258e+08 0 0) (-3.4603e+08 0 0) (-2.7263e+08 0 0) (-6.29146e+07 0 0));
    }
    bottom
    {
        type            calculated;
        value           nonuniform List<vector> 10((-6.29146e+07 0 0) (-1.57286e+08 0 0) (1.04858e+07 0 0) (2.09715e+07 0 0) (-2.41172e+08 0 0) (-1.04858e+08 0 0) (1.04858e+08 0 0) (8.38861e+07 0 0) (1.25829e+08 0 0) (9.43718e+07 0 0));
    }
    defaultFaces
    {
        type            empty;
    }
}


// ************************************************************************* //
