/*--------------------------------*- C++ -*----------------------------------*\
| =========                 |                                                 |
| \\      /  F ield         | OpenFOAM: The Open Source CFD Toolbox           |
|  \\    /   O peration     | Version:  2406                                  |
|   \\  /    A nd           | Website:  www.openfoam.com                      |
|    \\/     M anipulation  |                                                 |
\*---------------------------------------------------------------------------*/
FoamFile
{
    version     2.0;
    format      ascii;
    arch        "LSB;label=32;scalar=64";
    class       volVectorField;
    location    "4.45";
    object      flux;
}
// * * * * * * * * * * * * * * * * * * * * * * * * * * * * * * * * * * * * * //

dimensions      [0 1 -1 1 0 0 0];

internalField   nonuniform List<vector> 
100
(
(-0.351562 -0.273437 0)
(-0.703125 -0.078125 0)
(-0.078125 0.078125 0)
(0.078125 0.351562 0)
(-0.664062 0.117188 0)
(-0.507813 -0.117188 0)
(0.273438 0.078125 0)
(0.15625 0 0)
(0.078125 0.0390625 0)
(0.195312 0.117187 0)
(-0.078125 -0.78125 0)
(-0.273438 -0.078125 0)
(0.351563 0.625 0)
(0.0390625 0.507812 0)
(-1.13281 0.078125 0)
(-0.585938 0.195313 0)
(0.429688 0.234375 0)
(0.078125 0.0390625 0)
(0.15625 0.273438 0)
(0.273437 0.15625 0)
(0.3125 -0.078125 0)
(0.546875 0.0390625 0)
(0.46875 0.390625 0)
(-0.273437 0.0390625 0)
(-1.01563 0.273438 0)
(-0.390625 0.546875 0)
(0.15625 0.195313 0)
(0.15625 -0.0390625 0)
(0.117188 0.351563 0)
(0.15625 0.234375 0)
(0.15625 0.429687 0)
(0.234375 0.195312 0)
(0.234375 -0.195312 0)
(-0.117187 -0.351562 0)
(-0.546875 -0.3125 0)
(-0.625 -0.0390625 0)
(-0.3125 -0.195312 0)
(0.351562 -0.15625 0)
(0.46875 0.078125 0)
(0.15625 -0.195312 0)
(0 -0.0390625 0)
(-0.117187 -0.15625 0)
(0.078125 -0.46875 0)
(-0.429687 -0.507812 0)
(-0.742188 -0.546875 0)
(-0.273438 -0.3125 0)
(0.078125 -0.195313 0)
(0.46875 0.0390625 0)
(0.078125 -0.0390625 0)
(-0.195313 -0.390625 0)
(0.078125 0.0390625 0)
(-0.15625 0.15625 0)
(-0.117188 0.078125 0)
(-0.273437 -0.0390625 0)
(-0.351563 0.429688 0)
(-0.234375 0.507813 0)
(0.0390625 0.429688 0)
(0.507812 0.273437 0)
(-0.0390625 -0.195313 0)
(-0.273438 -0.273438 0)
(0.078125 0.664062 0)
(-0.117188 0.742188 0)
(-0.15625 0.898438 0)
(0 0.507812 0)
(-0.195313 0.664063 0)
(-0.234375 0.625 0)
(-0.15625 0.625 0)
(-0.234375 0.390625 0)
(-0.351563 0 0)
(-0.273438 -0.273438 0)
(0.195312 0.546875 0)
(0.117187 0.820312 0)
(-0.390625 0.9375 0)
(-0.507812 0.585937 0)
(-0.273437 0.429687 0)
(-0.273437 0.390625 0)
(-0.117187 0.351562 0)
(-0.15625 0.234375 0)
(-0.742187 -0.0390625 0)
(-0.546875 -0.546875 0)
(0.351563 0.507813 0)
(0.195312 0.351562 0)
(-0.273438 0.234375 0)
(-0.546875 0.546875 0)
(-0.429688 0.234375 0)
(-0.351563 -0.117188 0)
(-0.3125 0.0390625 0)
(-0.585937 -0.234375 0)
(-1.09375 -0.820313 0)
(-0.78125 -0.46875 0)
(0.0390625 0.351562 0)
(-0.15625 0.0390625 0)
(-0.195313 -0.0390625 0)
(-0.546875 0.15625 0)
(-0.859375 -0.078125 0)
(-0.507813 -0.273438 0)
(-0.273438 -0.195313 0)
(-1.01562 -0.3125 0)
(-0.898438 -0.546875 0)
(-0.195312 -0.0390625 0)
)
;

boundaryField
{
    left
    {
        type            calculated;
        value           nonuniform List<vector> 10((0 -0.273437 0) (0 -0.78125 0) (0 -0.078125 0) (0 0.429687 0) (0 -0.0390625 0) (0 0.0390625 0) (0 0.664062 0) (0 0.546875 0) (0 0.507813 0) (0 0.351562 0));
    }
    right
    {
        type            calculated;
        value           nonuniform List<vector> 10((0 0.117187 0) (0 0.15625 0) (0 0.234375 0) (0 -0.195312 0) (0 -0.390625 0) (0 -0.273438 0) (0 -0.273438 0) (0 -0.546875 0) (0 -0.46875 0) (0 -0.0390625 0));
    }
    top
    {
        type            calculated;
        value           nonuniform List<vector> 10((0.0390625 0 0) (-0.15625 0 0) (-0.195313 0 0) (-0.546875 0 0) (-0.859375 0 0) (-0.507813 0 0) (-0.273438 0 0) (-1.01562 0 0) (-0.898438 0 0) (-0.195312 0 0));
    }
    bottom
    {
        type            calculated;
        value           nonuniform List<vector> 10((-0.351562 0 0) (-0.703125 0 0) (-0.078125 0 0) (0.078125 0 0) (-0.664062 0 0) (-0.507813 0 0) (0.273438 0 0) (0.15625 0 0) (0.078125 0 0) (0.195312 0 0));
    }
    defaultFaces
    {
        type            empty;
    }
}


// ************************************************************************* //
