/*--------------------------------*- C++ -*----------------------------------*\
| =========                 |                                                 |
| \\      /  F ield         | OpenFOAM: The Open Source CFD Toolbox           |
|  \\    /   O peration     | Version:  2406                                  |
|   \\  /    A nd           | Website:  www.openfoam.com                      |
|    \\/     M anipulation  |                                                 |
\*---------------------------------------------------------------------------*/
FoamFile
{
    version     2.0;
    format      ascii;
    arch        "LSB;label=32;scalar=64";
    class       volVectorField;
    location    "6.95";
    object      flux;
}
// * * * * * * * * * * * * * * * * * * * * * * * * * * * * * * * * * * * * * //

dimensions      [0 1 -1 1 0 0 0];

internalField   nonuniform List<vector> 
100
(
(-5.36871e+10 -5.36871e+10 0)
(-1.12743e+11 -1.61061e+10 0)
(-1.07374e+10 3.7581e+10 0)
(5.36871e+10 4.83184e+10 0)
(-5.36871e+10 5.36871e+09 0)
(-4.83184e+10 -1.61061e+10 0)
(5.36871e+09 1.07374e+10 0)
(-5.36871e+09 5.36871e+09 0)
(3.7581e+10 5.36871e+09 0)
(4.83184e+10 -1.61061e+10 0)
(-1.07374e+10 -9.66368e+10 0)
(-2.14748e+10 -1.07374e+10 0)
(4.83184e+10 8.58993e+10 0)
(2.14748e+10 9.12681e+10 0)
(-1.12743e+11 1.07374e+10 0)
(-4.83184e+10 0 0)
(3.22123e+10 1.61061e+10 0)
(-1.07374e+10 3.7581e+10 0)
(2.14748e+10 4.29497e+10 0)
(2.68435e+10 -1.61061e+10 0)
(2.68435e+10 1.07374e+10 0)
(7.51619e+10 3.22123e+10 0)
(9.66368e+10 7.51619e+10 0)
(-2.68435e+10 4.83184e+10 0)
(-1.44955e+11 2.68435e+10 0)
(-4.83184e+10 6.44245e+10 0)
(4.29497e+10 2.14748e+10 0)
(1.07374e+10 -1.07374e+10 0)
(-5.36871e+09 3.22123e+10 0)
(-5.36871e+09 3.22123e+10 0)
(1.61061e+10 7.51619e+10 0)
(2.68435e+10 4.83184e+10 0)
(5.90558e+10 0 0)
(-2.68435e+10 -2.14748e+10 0)
(-9.12681e+10 -1.61061e+10 0)
(-5.36871e+10 1.61061e+10 0)
(-3.22123e+10 -1.07374e+10 0)
(5.36871e+09 -2.68435e+10 0)
(4.83184e+10 1.61061e+10 0)
(2.68435e+10 -1.61061e+10 0)
(0 -1.07374e+10 0)
(5.36871e+09 -5.36871e+09 0)
(3.22123e+10 -5.36871e+10 0)
(-4.83184e+10 -5.36871e+10 0)
(-1.12743e+11 -5.90558e+10 0)
(-4.83184e+10 -1.61061e+10 0)
(0 -2.68435e+10 0)
(4.83184e+10 -5.36871e+09 0)
(5.36871e+09 5.36871e+09 0)
(-3.7581e+10 -5.36871e+10 0)
(1.61061e+10 2.14748e+10 0)
(-1.61061e+10 2.68435e+10 0)
(5.36871e+09 0 0)
(-2.68435e+10 -1.07374e+10 0)
(-4.83184e+10 4.83184e+10 0)
(-2.68435e+10 6.97932e+10 0)
(-2.68435e+10 3.22123e+10 0)
(4.83184e+10 1.61061e+10 0)
(0 -5.36871e+09 0)
(-4.29497e+10 -2.68435e+10 0)
(1.07374e+10 8.58993e+10 0)
(-1.07374e+10 1.07374e+11 0)
(0 1.18112e+11 0)
(0 5.90558e+10 0)
(-4.29497e+10 9.12681e+10 0)
(-5.36871e+10 6.97932e+10 0)
(-4.83184e+10 5.36871e+10 0)
(0 3.7581e+10 0)
(-3.7581e+10 1.07374e+10 0)
(-5.36871e+10 -2.68435e+10 0)
(2.68435e+10 9.12681e+10 0)
(5.36871e+09 1.12743e+11 0)
(-4.83184e+10 1.2348e+11 0)
(-4.83184e+10 8.05306e+10 0)
(-2.68435e+10 6.97932e+10 0)
(-6.97932e+10 5.36871e+10 0)
(-5.90558e+10 5.36871e+10 0)
(-1.07374e+10 3.7581e+10 0)
(-6.44245e+10 -3.7581e+10 0)
(-8.05306e+10 -6.44245e+10 0)
(3.7581e+10 5.90558e+10 0)
(3.22123e+10 3.22123e+10 0)
(-3.22123e+10 4.29497e+10 0)
(-5.90558e+10 6.97932e+10 0)
(-7.51619e+10 2.14748e+10 0)
(-6.97932e+10 0 0)
(-6.44245e+10 3.22123e+10 0)
(-8.58993e+10 -1.07374e+10 0)
(-1.28849e+11 -1.07374e+11 0)
(-8.05306e+10 -5.90558e+10 0)
(1.07374e+10 3.22123e+10 0)
(-2.14748e+10 -5.36871e+09 0)
(-1.07374e+10 -1.61061e+10 0)
(-5.90558e+10 1.07374e+10 0)
(-1.02005e+11 -1.07374e+10 0)
(-5.90558e+10 -2.14748e+10 0)
(-6.44245e+10 5.36871e+09 0)
(-1.55693e+11 -2.68435e+10 0)
(-1.12743e+11 -5.36871e+10 0)
(-4.29497e+10 -2.14748e+10 0)
)
;

boundaryField
{
    left
    {
        type            calculated;
        value           nonuniform List<vector> 10((0 -5.36871e+10 0) (0 -9.66368e+10 0) (0 1.07374e+10 0) (0 7.51619e+10 0) (0 -1.07374e+10 0) (0 2.14748e+10 0) (0 8.58993e+10 0) (0 9.12681e+10 0) (0 5.90558e+10 0) (0 3.22123e+10 0));
    }
    right
    {
        type            calculated;
        value           nonuniform List<vector> 10((0 -1.61061e+10 0) (0 -1.61061e+10 0) (0 3.22123e+10 0) (0 -1.61061e+10 0) (0 -5.36871e+10 0) (0 -2.68435e+10 0) (0 -2.68435e+10 0) (0 -6.44245e+10 0) (0 -5.90558e+10 0) (0 -2.14748e+10 0));
    }
    top
    {
        type            calculated;
        value           nonuniform List<vector> 10((1.07374e+10 0 0) (-2.14748e+10 0 0) (-1.07374e+10 0 0) (-5.90558e+10 0 0) (-1.02005e+11 0 0) (-5.90558e+10 0 0) (-6.44245e+10 0 0) (-1.55693e+11 0 0) (-1.12743e+11 0 0) (-4.29497e+10 0 0));
    }
    bottom
    {
        type            calculated;
        value           nonuniform List<vector> 10((-5.36871e+10 0 0) (-1.12743e+11 0 0) (-1.07374e+10 0 0) (5.36871e+10 0 0) (-5.36871e+10 0 0) (-4.83184e+10 0 0) (5.36871e+09 0 0) (-5.36871e+09 0 0) (3.7581e+10 0 0) (4.83184e+10 0 0));
    }
    defaultFaces
    {
        type            empty;
    }
}


// ************************************************************************* //
