/*--------------------------------*- C++ -*----------------------------------*\
| =========                 |                                                 |
| \\      /  F ield         | OpenFOAM: The Open Source CFD Toolbox           |
|  \\    /   O peration     | Version:  2406                                  |
|   \\  /    A nd           | Website:  www.openfoam.com                      |
|    \\/     M anipulation  |                                                 |
\*---------------------------------------------------------------------------*/
FoamFile
{
    version     2.0;
    format      ascii;
    arch        "LSB;label=32;scalar=64";
    class       volVectorField;
    location    "1.35";
    object      flux;
}
// * * * * * * * * * * * * * * * * * * * * * * * * * * * * * * * * * * * * * //

dimensions      [0 1 -1 1 0 0 0];

internalField   nonuniform List<vector> 
100
(
(-6.10623e-15 -6.10623e-15 0)
(-1.16573e-14 -2.77556e-15 0)
(-1.66533e-15 2.77556e-15 0)
(2.22045e-15 4.996e-15 0)
(-9.99201e-15 1.11022e-15 0)
(-7.21645e-15 -5.55112e-16 0)
(3.88578e-15 2.22045e-15 0)
(3.88578e-15 0 0)
(6.66134e-15 -2.22045e-15 0)
(4.996e-15 -1.11022e-15 0)
(-2.77556e-15 -1.16573e-14 0)
(-2.77556e-15 -2.22045e-15 0)
(6.10623e-15 9.4369e-15 0)
(0 8.88178e-15 0)
(-1.55431e-14 3.33067e-15 0)
(-6.10623e-15 5.55112e-16 0)
(3.88578e-15 2.77556e-15 0)
(1.11022e-15 2.77556e-15 0)
(4.996e-15 4.996e-15 0)
(5.55112e-15 5.55112e-16 0)
(3.33067e-15 -1.66533e-15 0)
(9.4369e-15 2.22045e-15 0)
(9.99201e-15 3.33067e-15 0)
(-3.33067e-15 3.33067e-15 0)
(-1.83187e-14 3.33067e-15 0)
(-8.32667e-15 6.66134e-15 0)
(5.55112e-15 5.55112e-16 0)
(6.66134e-15 -5.55112e-16 0)
(3.33067e-15 5.55112e-15 0)
(1.11022e-15 2.77556e-15 0)
(1.66533e-15 5.55112e-15 0)
(2.77556e-15 2.22045e-15 0)
(7.21645e-15 -4.44089e-15 0)
(-1.66533e-15 -5.55112e-15 0)
(-1.16573e-14 -4.996e-15 0)
(-8.88178e-15 1.11022e-15 0)
(-2.22045e-15 -1.11022e-15 0)
(4.44089e-15 -2.22045e-15 0)
(7.77156e-15 0 0)
(3.33067e-15 -3.33067e-15 0)
(-5.55112e-16 -4.996e-15 0)
(-1.66533e-15 -4.996e-15 0)
(3.88578e-15 -8.32667e-15 0)
(-3.33067e-15 -8.88178e-15 0)
(-1.16573e-14 -8.88178e-15 0)
(-4.44089e-15 -1.11022e-15 0)
(1.66533e-15 -1.66533e-15 0)
(7.77156e-15 1.66533e-15 0)
(2.77556e-15 1.66533e-15 0)
(-2.77556e-15 -6.66134e-15 0)
(1.11022e-15 -3.33067e-15 0)
(-1.11022e-15 -1.66533e-15 0)
(2.77556e-15 -5.55112e-16 0)
(-1.66533e-15 -1.11022e-15 0)
(-4.996e-15 4.44089e-15 0)
(-5.55112e-16 7.21645e-15 0)
(0 3.33067e-15 0)
(7.77156e-15 2.77556e-15 0)
(0 -1.66533e-15 0)
(-4.996e-15 -4.44089e-15 0)
(2.77556e-15 7.77156e-15 0)
(1.11022e-15 9.99201e-15 0)
(2.77556e-15 1.11022e-14 0)
(1.66533e-15 4.44089e-15 0)
(-3.33067e-15 9.4369e-15 0)
(-4.44089e-15 6.66134e-15 0)
(-1.66533e-15 6.10623e-15 0)
(3.33067e-15 4.44089e-15 0)
(-3.88578e-15 0 0)
(-5.55112e-15 -3.88578e-15 0)
(2.77556e-15 9.4369e-15 0)
(2.22045e-15 1.27676e-14 0)
(-2.77556e-15 1.22125e-14 0)
(-2.77556e-15 6.10623e-15 0)
(-1.66533e-15 6.66134e-15 0)
(-5.55112e-15 7.21645e-15 0)
(-2.22045e-15 6.10623e-15 0)
(5.55112e-16 3.88578e-15 0)
(-8.88178e-15 -3.88578e-15 0)
(-8.88178e-15 -9.4369e-15 0)
(6.10623e-15 5.55112e-15 0)
(4.996e-15 2.77556e-15 0)
(-2.77556e-15 2.77556e-15 0)
(-4.44089e-15 4.996e-15 0)
(-3.33067e-15 1.66533e-15 0)
(-4.996e-15 -1.11022e-15 0)
(-4.996e-15 3.88578e-15 0)
(-7.21645e-15 -3.88578e-15 0)
(-1.55431e-14 -1.22125e-14 0)
(-1.05471e-14 -4.996e-15 0)
(5.55112e-16 3.33067e-15 0)
(-5.55112e-16 -1.11022e-15 0)
(-1.11022e-15 -2.22045e-15 0)
(-3.33067e-15 1.66533e-15 0)
(-7.77156e-15 -1.66533e-15 0)
(-4.44089e-15 -3.88578e-15 0)
(-4.996e-15 -1.11022e-15 0)
(-1.4988e-14 -3.88578e-15 0)
(-1.05471e-14 -7.77156e-15 0)
(-1.11022e-15 1.66533e-15 0)
)
;

boundaryField
{
    left
    {
        type            calculated;
        value           nonuniform List<vector> 10((0 -6.10623e-15 0) (0 -1.16573e-14 0) (0 -1.66533e-15 0) (0 5.55112e-15 0) (0 -4.996e-15 0) (0 -3.33067e-15 0) (0 7.77156e-15 0) (0 9.4369e-15 0) (0 5.55112e-15 0) (0 3.33067e-15 0));
    }
    right
    {
        type            calculated;
        value           nonuniform List<vector> 10((0 -1.11022e-15 0) (0 5.55112e-16 0) (0 2.77556e-15 0) (0 -3.33067e-15 0) (0 -6.66134e-15 0) (0 -4.44089e-15 0) (0 -3.88578e-15 0) (0 -9.4369e-15 0) (0 -4.996e-15 0) (0 1.66533e-15 0));
    }
    top
    {
        type            calculated;
        value           nonuniform List<vector> 10((5.55112e-16 0 0) (-5.55112e-16 0 0) (-1.11022e-15 0 0) (-3.33067e-15 0 0) (-7.77156e-15 0 0) (-4.44089e-15 0 0) (-4.996e-15 0 0) (-1.4988e-14 0 0) (-1.05471e-14 0 0) (-1.11022e-15 0 0));
    }
    bottom
    {
        type            calculated;
        value           nonuniform List<vector> 10((-6.10623e-15 0 0) (-1.16573e-14 0 0) (-1.66533e-15 0 0) (2.22045e-15 0 0) (-9.99201e-15 0 0) (-7.21645e-15 0 0) (3.88578e-15 0 0) (3.88578e-15 0 0) (6.66134e-15 0 0) (4.996e-15 0 0));
    }
    defaultFaces
    {
        type            empty;
    }
}


// ************************************************************************* //
