/*--------------------------------*- C++ -*----------------------------------*\
| =========                 |                                                 |
| \\      /  F ield         | OpenFOAM: The Open Source CFD Toolbox           |
|  \\    /   O peration     | Version:  2406                                  |
|   \\  /    A nd           | Website:  www.openfoam.com                      |
|    \\/     M anipulation  |                                                 |
\*---------------------------------------------------------------------------*/
FoamFile
{
    version     2.0;
    format      ascii;
    arch        "LSB;label=32;scalar=64";
    class       volVectorField;
    location    "9.4";
    object      flux;
}
// * * * * * * * * * * * * * * * * * * * * * * * * * * * * * * * * * * * * * //

dimensions      [0 1 -1 1 0 0 0];

internalField   nonuniform List<vector> 
100
(
(-3.32041e+21 -2.58254e+21 0)
(-8.11657e+21 -1.84467e+21 0)
(-2.21361e+21 1.84467e+21 0)
(7.3787e+20 2.95148e+21 0)
(-9.96124e+21 1.47574e+21 0)
(-7.74763e+21 1.47574e+21 0)
(1.84467e+21 1.47574e+21 0)
(-7.3787e+20 1.47574e+21 0)
(2.58254e+21 7.3787e+20 0)
(4.05828e+21 -3.68935e+20 0)
(-2.58254e+21 -7.3787e+21 0)
(-4.42722e+21 -2.21361e+21 0)
(2.95148e+21 6.64083e+21 0)
(0 7.00976e+21 0)
(-1.18059e+22 1.84467e+21 0)
(-7.74763e+21 2.21361e+21 0)
(1.47574e+21 2.95148e+21 0)
(-1.1068e+21 2.95148e+21 0)
(1.1068e+21 5.53402e+21 0)
(3.32041e+21 1.47574e+21 0)
(2.21361e+21 -2.58254e+21 0)
(6.27189e+21 1.1068e+21 0)
(6.64083e+21 5.16509e+21 0)
(-3.32041e+21 2.95148e+21 0)
(-1.43885e+22 1.84467e+21 0)
(-6.64083e+21 5.16509e+21 0)
(1.84467e+21 2.58254e+21 0)
(2.21361e+21 3.68935e+20 0)
(3.68935e+20 5.53402e+21 0)
(0 3.32041e+21 0)
(1.1068e+21 5.53402e+21 0)
(3.32041e+21 2.58254e+21 0)
(3.68935e+21 -2.21361e+21 0)
(-3.68935e+21 -4.42722e+21 0)
(-9.22337e+21 -2.95148e+21 0)
(-7.00976e+21 1.1068e+21 0)
(-2.95148e+21 0 0)
(2.58254e+21 -1.47574e+21 0)
(3.32041e+21 2.21361e+21 0)
(1.47574e+21 -1.1068e+21 0)
(0 -1.47574e+21 0)
(-7.3787e+20 -1.1068e+21 0)
(7.3787e+20 -5.16509e+21 0)
(-4.05828e+21 -4.05828e+21 0)
(-9.59231e+21 -3.68935e+21 0)
(-4.05828e+21 -3.68935e+20 0)
(0 -1.1068e+21 0)
(3.68935e+21 1.47574e+21 0)
(7.3787e+20 2.58254e+21 0)
(-2.58254e+21 -2.21361e+21 0)
(7.3787e+20 0 0)
(-1.47574e+21 1.47574e+21 0)
(7.3787e+20 1.47574e+21 0)
(-1.84467e+21 7.3787e+20 0)
(-5.16509e+21 5.16509e+21 0)
(-4.42722e+21 7.3787e+21 0)
(-1.47574e+21 4.42722e+21 0)
(6.27189e+21 2.95148e+21 0)
(0 -7.3787e+20 0)
(-4.42722e+21 -1.47574e+21 0)
(1.47574e+21 7.00976e+21 0)
(0 8.11657e+21 0)
(7.3787e+20 7.3787e+21 0)
(0 4.79615e+21 0)
(-2.58254e+21 8.4855e+21 0)
(-5.16509e+21 7.74763e+21 0)
(-4.42722e+21 7.00976e+21 0)
(-1.47574e+21 4.05828e+21 0)
(-3.32041e+21 -1.84467e+21 0)
(-3.68935e+21 -3.32041e+21 0)
(1.84467e+21 6.27189e+21 0)
(-7.3787e+20 8.85444e+21 0)
(-2.58254e+21 8.85444e+21 0)
(-1.84467e+21 4.79615e+21 0)
(-1.84467e+21 3.68935e+21 0)
(-5.53402e+21 4.42722e+21 0)
(-5.16509e+21 3.68935e+21 0)
(-2.58254e+21 2.58254e+21 0)
(-7.74763e+21 -2.21361e+21 0)
(-5.90296e+21 -5.90296e+21 0)
(4.79615e+21 4.42722e+21 0)
(3.32041e+21 3.32041e+21 0)
(-4.05828e+21 2.95148e+21 0)
(-5.16509e+21 4.05828e+21 0)
(-3.32041e+21 0 0)
(-5.16509e+21 -3.32041e+21 0)
(-6.64083e+21 7.3787e+20 0)
(-6.27189e+21 -1.84467e+21 0)
(-1.18059e+22 -7.3787e+21 0)
(-7.74763e+21 -4.42722e+21 0)
(0 4.42722e+21 0)
(-2.21361e+21 -3.68935e+20 0)
(-2.21361e+21 -1.47574e+21 0)
(-4.05828e+21 1.84467e+21 0)
(-9.59231e+21 -7.3787e+20 0)
(-4.42722e+21 -4.05828e+21 0)
(-4.42722e+21 -1.1068e+21 0)
(-1.1437e+22 -1.84467e+21 0)
(-9.96124e+21 -5.16509e+21 0)
(-2.58254e+21 -3.68935e+20 0)
)
;

boundaryField
{
    left
    {
        type            calculated;
        value           nonuniform List<vector> 10((0 -2.58254e+21 0) (0 -7.3787e+21 0) (0 -2.58254e+21 0) (0 5.53402e+21 0) (0 -1.47574e+21 0) (0 0 0) (0 7.00976e+21 0) (0 6.27189e+21 0) (0 4.42722e+21 0) (0 4.42722e+21 0));
    }
    right
    {
        type            calculated;
        value           nonuniform List<vector> 10((0 -3.68935e+20 0) (0 1.47574e+21 0) (0 3.32041e+21 0) (0 -1.1068e+21 0) (0 -2.21361e+21 0) (0 -1.47574e+21 0) (0 -3.32041e+21 0) (0 -5.90296e+21 0) (0 -4.42722e+21 0) (0 -3.68935e+20 0));
    }
    top
    {
        type            calculated;
        value           nonuniform List<vector> 10((0 0 0) (-2.21361e+21 0 0) (-2.21361e+21 0 0) (-4.05828e+21 0 0) (-9.59231e+21 0 0) (-4.42722e+21 0 0) (-4.42722e+21 0 0) (-1.1437e+22 0 0) (-9.96124e+21 0 0) (-2.58254e+21 0 0));
    }
    bottom
    {
        type            calculated;
        value           nonuniform List<vector> 10((-3.32041e+21 0 0) (-8.11657e+21 0 0) (-2.21361e+21 0 0) (7.3787e+20 0 0) (-9.96124e+21 0 0) (-7.74763e+21 0 0) (1.84467e+21 0 0) (-7.3787e+20 0 0) (2.58254e+21 0 0) (4.05828e+21 0 0));
    }
    defaultFaces
    {
        type            empty;
    }
}


// ************************************************************************* //
