/*--------------------------------*- C++ -*----------------------------------*\
| =========                 |                                                 |
| \\      /  F ield         | OpenFOAM: The Open Source CFD Toolbox           |
|  \\    /   O peration     | Version:  2406                                  |
|   \\  /    A nd           | Website:  www.openfoam.com                      |
|    \\/     M anipulation  |                                                 |
\*---------------------------------------------------------------------------*/
FoamFile
{
    version     2.0;
    format      ascii;
    arch        "LSB;label=32;scalar=64";
    class       volVectorField;
    location    "4.05";
    object      flux;
}
// * * * * * * * * * * * * * * * * * * * * * * * * * * * * * * * * * * * * * //

dimensions      [0 1 -1 1 0 0 0];

internalField   nonuniform List<vector> 
100
(
(-0.00427246 -0.00427246 0)
(-0.010376 -0.00244141 0)
(0 0.00183105 0)
(0.00305176 0.00305176 0)
(-0.012207 0.0012207 0)
(-0.0109863 0 0)
(0.0012207 0.00183105 0)
(0.00183105 0.00244141 0)
(0.00488281 0.00183105 0)
(0.00427246 -0.0012207 0)
(-0.00305176 -0.0109863 0)
(-0.00488281 -0.00305176 0)
(0.00671387 0.00854492 0)
(0.00305176 0.00671387 0)
(-0.0158691 0.000610352 0)
(-0.0109863 0.0012207 0)
(0.00305176 0.00427246 0)
(0.00244141 0.00244141 0)
(0.00183105 0.00549316 0)
(0.00244141 0.00183105 0)
(0.00366211 -0.00305176 0)
(0.00915527 0.00244141 0)
(0.010376 0.00610352 0)
(-0.00488281 0.00305176 0)
(-0.0177002 0.00244141 0)
(-0.00610352 0.00671387 0)
(0.00305176 0.00427246 0)
(0.000610352 0 0)
(0.00244141 0.00427246 0)
(0.00183105 0.00366211 0)
(0.00305176 0.00671387 0)
(0.00427246 0.00305176 0)
(0.00549316 -0.00488281 0)
(-0.0012207 -0.00366211 0)
(-0.0115967 -0.00549316 0)
(-0.00976562 0.00183105 0)
(-0.00305176 -0.00244141 0)
(0.00305176 -0.000610352 0)
(0.00549316 0.00244141 0)
(0.00244141 -0.00305176 0)
(0 -0.000610352 0)
(-0.00183105 -0.00244141 0)
(0.00427246 -0.00732422 0)
(-0.00549316 -0.00854492 0)
(-0.012207 -0.00915527 0)
(-0.00305176 -0.00183105 0)
(-0.0012207 -0.00244141 0)
(0.00549316 -0.00244141 0)
(0.0012207 -0.00244141 0)
(-0.00427246 -0.00854492 0)
(0.00183105 0.000610352 0)
(-0.00244141 0.00244141 0)
(-0.000610352 0.000610352 0)
(-0.00244141 -0.00305176 0)
(-0.00610352 0.00610352 0)
(-0.00366211 0.00610352 0)
(-0.00305176 0.00366211 0)
(0.00549316 0.00244141 0)
(-0.0012207 -0.00305176 0)
(-0.00549316 -0.00549316 0)
(0.00183105 0.010376 0)
(-0.00244141 0.0109863 0)
(-0.00244141 0.0134277 0)
(0 0.00549316 0)
(-0.00305176 0.00854492 0)
(-0.00427246 0.00854492 0)
(-0.00366211 0.00976563 0)
(-0.00305176 0.00854492 0)
(-0.00610352 0.00244141 0)
(-0.00549316 -0.00305176 0)
(0.00183105 0.00976562 0)
(0.000610352 0.0128174 0)
(-0.00610352 0.0152588 0)
(-0.00610352 0.00915527 0)
(-0.00183105 0.00610352 0)
(-0.00366211 0.00610352 0)
(-0.00427246 0.00549316 0)
(-0.00183105 0.00427246 0)
(-0.0128174 -0.00244141 0)
(-0.0109863 -0.00793457 0)
(0.00488281 0.00915527 0)
(0.00305176 0.00610352 0)
(-0.00549316 0.00488281 0)
(-0.010376 0.00793457 0)
(-0.00610352 0.00427246 0)
(-0.00488281 -0.00244141 0)
(-0.00427246 0.0012207 0)
(-0.0109863 -0.00427246 0)
(-0.0183105 -0.0146484 0)
(-0.0109863 -0.00610352 0)
(-0.0012207 0.00427246 0)
(-0.00183105 0 0)
(-0.00366211 -0.000610352 0)
(-0.00854492 0.00244141 0)
(-0.0115967 0.000610352 0)
(-0.00610352 -0.00305176 0)
(-0.00610352 -0.000610352 0)
(-0.0183105 -0.00488281 0)
(-0.0146484 -0.00793457 0)
(-0.00305176 -0.000610352 0)
)
;

boundaryField
{
    left
    {
        type            calculated;
        value           nonuniform List<vector> 10((0 -0.00427246 0) (0 -0.0109863 0) (0 -0.00305176 0) (0 0.00671387 0) (0 -0.000610352 0) (0 0.000610352 0) (0 0.010376 0) (0 0.00976562 0) (0 0.00915527 0) (0 0.00427246 0));
    }
    right
    {
        type            calculated;
        value           nonuniform List<vector> 10((0 -0.0012207 0) (0 0.00183105 0) (0 0.00366211 0) (0 -0.00305176 0) (0 -0.00854492 0) (0 -0.00549316 0) (0 -0.00305176 0) (0 -0.00793457 0) (0 -0.00610352 0) (0 -0.000610352 0));
    }
    top
    {
        type            calculated;
        value           nonuniform List<vector> 10((-0.0012207 0 0) (-0.00183105 0 0) (-0.00366211 0 0) (-0.00854492 0 0) (-0.0115967 0 0) (-0.00610352 0 0) (-0.00610352 0 0) (-0.0183105 0 0) (-0.0146484 0 0) (-0.00305176 0 0));
    }
    bottom
    {
        type            calculated;
        value           nonuniform List<vector> 10((-0.00427246 0 0) (-0.010376 0 0) (0 0 0) (0.00305176 0 0) (-0.012207 0 0) (-0.0109863 0 0) (0.0012207 0 0) (0.00183105 0 0) (0.00488281 0 0) (0.00427246 0 0));
    }
    defaultFaces
    {
        type            empty;
    }
}


// ************************************************************************* //
