/*--------------------------------*- C++ -*----------------------------------*\
| =========                 |                                                 |
| \\      /  F ield         | OpenFOAM: The Open Source CFD Toolbox           |
|  \\    /   O peration     | Version:  2406                                  |
|   \\  /    A nd           | Website:  www.openfoam.com                      |
|    \\/     M anipulation  |                                                 |
\*---------------------------------------------------------------------------*/
FoamFile
{
    version     2.0;
    format      ascii;
    arch        "LSB;label=32;scalar=64";
    class       volVectorField;
    location    "1.8";
    object      flux;
}
// * * * * * * * * * * * * * * * * * * * * * * * * * * * * * * * * * * * * * //

dimensions      [0 1 -1 1 0 0 0];

internalField   nonuniform List<vector> 
100
(
(-5.68434e-13 -5.68434e-13 0)
(-1.13687e-12 -7.10543e-14 0)
(-7.10543e-14 2.13163e-13 0)
(7.10543e-14 4.9738e-13 0)
(-1.13687e-12 7.10543e-14 0)
(-7.10543e-13 -7.10543e-14 0)
(3.55271e-13 -7.10543e-14 0)
(4.26326e-13 1.42109e-13 0)
(3.55271e-13 7.10543e-14 0)
(3.55271e-13 1.42109e-13 0)
(-1.42109e-13 -9.23706e-13 0)
(-3.55271e-13 -7.10543e-14 0)
(4.26326e-13 7.10543e-13 0)
(-7.10543e-14 7.81597e-13 0)
(-1.7053e-12 1.42109e-13 0)
(-9.23706e-13 3.55271e-13 0)
(7.10543e-13 4.26326e-13 0)
(5.68434e-13 2.84217e-13 0)
(2.84217e-13 4.9738e-13 0)
(3.55271e-13 7.10543e-14 0)
(3.55271e-13 -7.10543e-14 0)
(4.9738e-13 1.42109e-13 0)
(7.81597e-13 5.68434e-13 0)
(-3.55271e-13 2.84217e-13 0)
(-1.7053e-12 2.84217e-13 0)
(-4.9738e-13 7.10543e-13 0)
(3.55271e-13 5.68434e-13 0)
(3.55271e-13 -7.10543e-14 0)
(2.84217e-13 3.55271e-13 0)
(0 3.55271e-13 0)
(1.42109e-13 4.9738e-13 0)
(2.84217e-13 2.84217e-13 0)
(4.9738e-13 -4.9738e-13 0)
(-2.84217e-13 -5.68434e-13 0)
(-1.20792e-12 -4.26326e-13 0)
(-7.10543e-13 2.13163e-13 0)
(-2.13163e-13 -3.55271e-13 0)
(4.9738e-13 -2.84217e-13 0)
(7.81597e-13 1.42109e-13 0)
(3.55271e-13 -2.13163e-13 0)
(0 -3.55271e-13 0)
(-3.55271e-13 -4.26326e-13 0)
(7.10543e-14 -7.10543e-13 0)
(-5.68434e-13 -7.10543e-13 0)
(-8.52651e-13 -7.10543e-13 0)
(-4.9738e-13 -2.84217e-13 0)
(0 -2.84217e-13 0)
(8.52651e-13 7.10543e-14 0)
(2.84217e-13 1.42109e-13 0)
(-4.26326e-13 -6.39488e-13 0)
(7.10543e-14 -1.42109e-13 0)
(-2.84217e-13 0 0)
(2.13163e-13 -7.10543e-14 0)
(-2.13163e-13 -7.10543e-14 0)
(-7.10543e-13 6.39488e-13 0)
(-3.55271e-13 6.39488e-13 0)
(2.13163e-13 4.26326e-13 0)
(9.9476e-13 2.84217e-13 0)
(0 -2.13163e-13 0)
(-4.9738e-13 -2.13163e-13 0)
(2.13163e-13 6.39488e-13 0)
(-7.10543e-14 9.9476e-13 0)
(0 1.06581e-12 0)
(7.10543e-14 3.55271e-13 0)
(-2.84217e-13 7.81597e-13 0)
(-4.26326e-13 9.23706e-13 0)
(-2.13163e-13 9.23706e-13 0)
(7.10543e-14 5.68434e-13 0)
(-3.55271e-13 0 0)
(-4.26326e-13 -5.68434e-13 0)
(4.26326e-13 9.23706e-13 0)
(7.10543e-14 9.9476e-13 0)
(-4.9738e-13 1.20792e-12 0)
(-4.26326e-13 6.39488e-13 0)
(0 5.68434e-13 0)
(-3.55271e-13 6.39488e-13 0)
(-2.84217e-13 6.39488e-13 0)
(-7.10543e-14 4.26326e-13 0)
(-9.23706e-13 -3.55271e-13 0)
(-9.23706e-13 -9.23706e-13 0)
(4.9738e-13 5.68434e-13 0)
(1.42109e-13 1.42109e-13 0)
(-4.26326e-13 1.42109e-13 0)
(-5.68434e-13 3.55271e-13 0)
(-3.55271e-13 1.42109e-13 0)
(-2.84217e-13 -2.84217e-13 0)
(-3.55271e-13 0 0)
(-7.81597e-13 -4.26326e-13 0)
(-1.77636e-12 -1.27898e-12 0)
(-9.9476e-13 -7.10543e-13 0)
(-2.13163e-13 4.26326e-13 0)
(-2.84217e-13 -1.42109e-13 0)
(-1.42109e-13 -1.42109e-13 0)
(-5.68434e-13 7.10543e-14 0)
(-7.10543e-13 -1.42109e-13 0)
(-5.68434e-13 -3.55271e-13 0)
(-4.26326e-13 -3.55271e-13 0)
(-1.27898e-12 -4.26326e-13 0)
(-1.27898e-12 -7.10543e-13 0)
(-4.9738e-13 -2.13163e-13 0)
)
;

boundaryField
{
    left
    {
        type            calculated;
        value           nonuniform List<vector> 10((0 -5.68434e-13 0) (0 -9.23706e-13 0) (0 -7.10543e-14 0) (0 4.9738e-13 0) (0 -3.55271e-13 0) (0 -1.42109e-13 0) (0 6.39488e-13 0) (0 9.23706e-13 0) (0 5.68434e-13 0) (0 4.26326e-13 0));
    }
    right
    {
        type            calculated;
        value           nonuniform List<vector> 10((0 1.42109e-13 0) (0 7.10543e-14 0) (0 3.55271e-13 0) (0 -2.13163e-13 0) (0 -6.39488e-13 0) (0 -2.13163e-13 0) (0 -5.68434e-13 0) (0 -9.23706e-13 0) (0 -7.10543e-13 0) (0 -2.13163e-13 0));
    }
    top
    {
        type            calculated;
        value           nonuniform List<vector> 10((-2.13163e-13 0 0) (-2.84217e-13 0 0) (-1.42109e-13 0 0) (-5.68434e-13 0 0) (-7.10543e-13 0 0) (-5.68434e-13 0 0) (-4.26326e-13 0 0) (-1.27898e-12 0 0) (-1.27898e-12 0 0) (-4.9738e-13 0 0));
    }
    bottom
    {
        type            calculated;
        value           nonuniform List<vector> 10((-5.68434e-13 0 0) (-1.13687e-12 0 0) (-7.10543e-14 0 0) (7.10543e-14 0 0) (-1.13687e-12 0 0) (-7.10543e-13 0 0) (3.55271e-13 0 0) (4.26326e-13 0 0) (3.55271e-13 0 0) (3.55271e-13 0 0));
    }
    defaultFaces
    {
        type            empty;
    }
}


// ************************************************************************* //
