/*--------------------------------*- C++ -*----------------------------------*\
| =========                 |                                                 |
| \\      /  F ield         | OpenFOAM: The Open Source CFD Toolbox           |
|  \\    /   O peration     | Version:  2406                                  |
|   \\  /    A nd           | Website:  www.openfoam.com                      |
|    \\/     M anipulation  |                                                 |
\*---------------------------------------------------------------------------*/
FoamFile
{
    version     2.0;
    format      ascii;
    arch        "LSB;label=32;scalar=64";
    class       volVectorField;
    location    "0.15";
    object      flux;
}
// * * * * * * * * * * * * * * * * * * * * * * * * * * * * * * * * * * * * * //

dimensions      [0 1 -1 1 0 0 0];

internalField   nonuniform List<vector> 
100
(
(-8.47033e-21 -8.47033e-21 0)
(-1.90582e-20 -2.11758e-21 0)
(-6.35275e-21 0 0)
(1.05879e-20 8.47033e-21 0)
(-6.35275e-21 -2.11758e-21 0)
(-8.47033e-21 -6.35275e-21 0)
(2.11758e-21 4.23516e-21 0)
(0 0 0)
(6.35275e-21 0 0)
(4.23516e-21 0 0)
(-2.11758e-21 -1.90582e-20 0)
(-1.05879e-20 -4.23516e-21 0)
(6.35275e-21 1.48231e-20 0)
(6.35275e-21 1.90582e-20 0)
(-1.90582e-20 0 0)
(-6.35275e-21 -2.11758e-21 0)
(1.27055e-20 1.05879e-20 0)
(-4.23516e-21 6.35275e-21 0)
(4.23516e-21 1.48231e-20 0)
(4.23516e-21 2.11758e-21 0)
(4.23516e-21 -6.35275e-21 0)
(1.05879e-20 0 0)
(1.69407e-20 8.47033e-21 0)
(-2.11758e-21 2.11758e-21 0)
(-2.75286e-20 4.23516e-21 0)
(2.11758e-21 1.05879e-20 0)
(1.05879e-20 2.11758e-21 0)
(4.23516e-21 0 0)
(0 4.23516e-21 0)
(-4.23516e-21 6.35275e-21 0)
(2.11758e-21 8.47033e-21 0)
(6.35275e-21 0 0)
(1.05879e-20 -6.35275e-21 0)
(0 -4.23516e-21 0)
(-8.47033e-21 -4.23516e-21 0)
(-8.47033e-21 2.11758e-21 0)
(-4.23516e-21 -1.05879e-20 0)
(2.11758e-21 -8.47033e-21 0)
(8.47033e-21 0 0)
(8.47033e-21 -6.35275e-21 0)
(-2.11758e-21 -2.11758e-21 0)
(-2.11758e-21 -2.11758e-21 0)
(1.27055e-20 -1.05879e-20 0)
(-4.23516e-21 -1.48231e-20 0)
(-1.90582e-20 -1.48231e-20 0)
(-4.23516e-21 -4.23516e-21 0)
(0 -8.47033e-21 0)
(1.48231e-20 -4.23516e-21 0)
(2.11758e-21 1.48231e-20 0)
(-1.05879e-20 -8.47033e-21 0)
(4.23516e-21 -8.47033e-21 0)
(-2.11758e-21 -4.23516e-21 0)
(-2.11758e-21 -2.11758e-21 0)
(0 -4.23516e-21 0)
(-4.23516e-21 8.47033e-21 0)
(4.23516e-21 1.27055e-20 0)
(-8.47033e-21 8.47033e-21 0)
(2.32934e-20 2.11758e-21 0)
(8.47033e-21 0 0)
(-1.27055e-20 0 0)
(2.11758e-21 6.35275e-21 0)
(2.11758e-21 6.35275e-21 0)
(8.47033e-21 1.05879e-20 0)
(6.35275e-21 0 0)
(0 1.05879e-20 0)
(-4.23516e-21 6.35275e-21 0)
(-4.23516e-21 8.47033e-21 0)
(8.47033e-21 1.05879e-20 0)
(-6.35275e-21 -4.23516e-21 0)
(-1.27055e-20 -4.23516e-21 0)
(2.11758e-21 4.23516e-21 0)
(4.23516e-21 1.27055e-20 0)
(-6.35275e-21 1.48231e-20 0)
(0 0 0)
(2.11758e-21 4.23516e-21 0)
(-2.11758e-21 2.11758e-21 0)
(0 4.23516e-21 0)
(1.05879e-20 8.47033e-21 0)
(-8.47033e-21 0 0)
(-1.48231e-20 -6.35275e-21 0)
(1.27055e-20 2.11758e-21 0)
(1.27055e-20 -6.35275e-21 0)
(-6.35275e-21 -2.11758e-21 0)
(-4.23516e-21 4.23516e-21 0)
(0 -4.23516e-21 0)
(2.11758e-21 -1.05879e-20 0)
(-2.11758e-21 8.47033e-21 0)
(2.11758e-21 0 0)
(-1.69407e-20 -1.90582e-20 0)
(-1.69407e-20 -2.11758e-21 0)
(-2.11758e-21 4.23516e-21 0)
(-2.11758e-21 -8.47033e-21 0)
(4.23516e-21 -1.27055e-20 0)
(0 4.23516e-21 0)
(-1.05879e-20 -4.23516e-21 0)
(6.35275e-21 -1.05879e-20 0)
(8.47033e-21 -2.11758e-21 0)
(-1.69407e-20 -4.23516e-21 0)
(-8.47033e-21 -1.48231e-20 0)
(2.11758e-21 4.23516e-21 0)
)
;

boundaryField
{
    left
    {
        type            calculated;
        value           nonuniform List<vector> 10((0 -8.47033e-21 0) (0 -1.90582e-20 0) (0 -6.35275e-21 0) (0 8.47033e-21 0) (0 -2.11758e-21 0) (0 -8.47033e-21 0) (0 6.35275e-21 0) (0 4.23516e-21 0) (0 2.11758e-21 0) (0 4.23516e-21 0));
    }
    right
    {
        type            calculated;
        value           nonuniform List<vector> 10((0 0 0) (0 2.11758e-21 0) (0 6.35275e-21 0) (0 -6.35275e-21 0) (0 -8.47033e-21 0) (0 0 0) (0 -4.23516e-21 0) (0 -6.35275e-21 0) (0 -2.11758e-21 0) (0 4.23516e-21 0));
    }
    top
    {
        type            calculated;
        value           nonuniform List<vector> 10((-2.11758e-21 0 0) (-2.11758e-21 0 0) (4.23516e-21 0 0) (0 0 0) (-1.05879e-20 0 0) (6.35275e-21 0 0) (8.47033e-21 0 0) (-1.69407e-20 0 0) (-8.47033e-21 0 0) (2.11758e-21 0 0));
    }
    bottom
    {
        type            calculated;
        value           nonuniform List<vector> 10((-8.47033e-21 0 0) (-1.90582e-20 0 0) (-6.35275e-21 0 0) (1.05879e-20 0 0) (-6.35275e-21 0 0) (-8.47033e-21 0 0) (2.11758e-21 0 0) (0 0 0) (6.35275e-21 0 0) (4.23516e-21 0 0));
    }
    defaultFaces
    {
        type            empty;
    }
}


// ************************************************************************* //
