/*--------------------------------*- C++ -*----------------------------------*\
| =========                 |                                                 |
| \\      /  F ield         | OpenFOAM: The Open Source CFD Toolbox           |
|  \\    /   O peration     | Version:  2406                                  |
|   \\  /    A nd           | Website:  www.openfoam.com                      |
|    \\/     M anipulation  |                                                 |
\*---------------------------------------------------------------------------*/
FoamFile
{
    version     2.0;
    format      ascii;
    arch        "LSB;label=32;scalar=64";
    class       volVectorField;
    location    "0.35";
    object      flux;
}
// * * * * * * * * * * * * * * * * * * * * * * * * * * * * * * * * * * * * * //

dimensions      [0 1 -1 1 0 0 0];

internalField   nonuniform List<vector> 
100
(
(-1.52466e-19 -1.52466e-19 0)
(-3.04932e-19 -3.38813e-20 0)
(0 6.77626e-20 0)
(1.86347e-19 1.69407e-19 0)
(-1.18585e-19 1.69407e-20 0)
(-1.52466e-19 -8.47033e-20 0)
(8.47033e-20 -5.0822e-20 0)
(3.38813e-20 -3.38813e-20 0)
(-3.38813e-20 -6.77626e-20 0)
(1.69407e-20 -1.69407e-20 0)
(-3.38813e-20 -3.55754e-19 0)
(-8.47033e-20 -1.18585e-19 0)
(2.20229e-19 2.37169e-19 0)
(1.35525e-19 2.71051e-19 0)
(-3.72694e-19 -1.69407e-20 0)
(-2.03288e-19 -3.38813e-20 0)
(1.18585e-19 8.47033e-20 0)
(0 0 0)
(1.69407e-20 6.77626e-20 0)
(6.77626e-20 1.69407e-20 0)
(8.47033e-20 -8.47033e-20 0)
(2.71051e-19 5.0822e-20 0)
(3.89635e-19 1.69407e-19 0)
(-6.77626e-20 6.77626e-20 0)
(-4.40457e-19 3.38813e-20 0)
(-8.47033e-20 1.52466e-19 0)
(1.52466e-19 1.01644e-19 0)
(1.69407e-20 -6.77626e-20 0)
(-1.69407e-20 1.18585e-19 0)
(-3.38813e-20 1.35525e-19 0)
(1.01644e-19 1.69407e-19 0)
(1.86347e-19 1.18585e-19 0)
(2.20229e-19 -1.01644e-19 0)
(0 -1.18585e-19 0)
(-2.87991e-19 -1.18585e-19 0)
(-1.52466e-19 -3.38813e-20 0)
(-1.01644e-19 -1.86347e-19 0)
(5.0822e-20 -1.86347e-19 0)
(2.03288e-19 0 0)
(6.77626e-20 -5.0822e-20 0)
(1.69407e-20 -1.69407e-20 0)
(-1.69407e-20 -1.01644e-19 0)
(1.69407e-19 -2.87991e-19 0)
(-8.47033e-20 -2.87991e-19 0)
(-3.55754e-19 -2.87991e-19 0)
(-1.18585e-19 -1.18585e-19 0)
(1.69407e-20 -1.86347e-19 0)
(1.86347e-19 0 0)
(6.77626e-20 3.38813e-20 0)
(-6.77626e-20 -2.03288e-19 0)
(6.77626e-20 -8.47033e-20 0)
(-1.18585e-19 -8.47033e-20 0)
(3.38813e-20 -1.35525e-19 0)
(0 -2.37169e-19 0)
(-1.01644e-19 5.0822e-20 0)
(-5.0822e-20 1.52466e-19 0)
(-3.38813e-20 6.77626e-20 0)
(2.87991e-19 5.0822e-20 0)
(0 -3.38813e-20 0)
(-1.69407e-19 -3.38813e-20 0)
(3.38813e-20 1.52466e-19 0)
(-6.77626e-20 1.69407e-19 0)
(1.69407e-20 2.71051e-19 0)
(1.18585e-19 1.69407e-20 0)
(0 1.01644e-19 0)
(-1.01644e-19 1.86347e-19 0)
(-8.47033e-20 1.52466e-19 0)
(1.18585e-19 1.52466e-19 0)
(1.69407e-20 6.77626e-20 0)
(-8.47033e-20 5.0822e-20 0)
(3.38813e-20 6.77626e-20 0)
(0 2.20229e-19 0)
(-1.18585e-19 2.5411e-19 0)
(-1.52466e-19 8.47033e-20 0)
(1.01644e-19 5.0822e-20 0)
(-3.38813e-20 1.18585e-19 0)
(-3.38813e-20 1.86347e-19 0)
(1.69407e-19 1.86347e-19 0)
(-1.18585e-19 3.38813e-20 0)
(-1.69407e-19 -1.18585e-19 0)
(2.03288e-19 1.69407e-20 0)
(1.18585e-19 1.69407e-20 0)
(-1.01644e-19 -6.77626e-20 0)
(-1.35525e-19 8.47033e-20 0)
(3.38813e-20 3.38813e-20 0)
(5.0822e-20 -1.69407e-19 0)
(0 1.52466e-19 0)
(-5.0822e-20 -3.38813e-20 0)
(-2.71051e-19 -2.71051e-19 0)
(-2.20229e-19 -3.38813e-20 0)
(6.77626e-20 6.77626e-20 0)
(-8.47033e-20 -6.77626e-20 0)
(-5.0822e-20 -1.35525e-19 0)
(0 3.38813e-20 0)
(-1.52466e-19 0 0)
(5.0822e-20 -1.52466e-19 0)
(8.47033e-20 -3.38813e-20 0)
(-2.37169e-19 -6.77626e-20 0)
(-1.52466e-19 -2.20229e-19 0)
(3.38813e-20 3.38813e-20 0)
)
;

boundaryField
{
    left
    {
        type            calculated;
        value           nonuniform List<vector> 10((0 -1.52466e-19 0) (0 -3.55754e-19 0) (0 -8.47033e-20 0) (0 1.69407e-19 0) (0 -1.69407e-20 0) (0 -8.47033e-20 0) (0 1.52466e-19 0) (0 6.77626e-20 0) (0 1.69407e-20 0) (0 6.77626e-20 0));
    }
    right
    {
        type            calculated;
        value           nonuniform List<vector> 10((0 -1.69407e-20 0) (0 1.69407e-20 0) (0 1.35525e-19 0) (0 -5.0822e-20 0) (0 -2.03288e-19 0) (0 -3.38813e-20 0) (0 5.0822e-20 0) (0 -1.18585e-19 0) (0 -3.38813e-20 0) (0 3.38813e-20 0));
    }
    top
    {
        type            calculated;
        value           nonuniform List<vector> 10((6.77626e-20 0 0) (-8.47033e-20 0 0) (-5.0822e-20 0 0) (0 0 0) (-1.52466e-19 0 0) (5.0822e-20 0 0) (8.47033e-20 0 0) (-2.37169e-19 0 0) (-1.52466e-19 0 0) (3.38813e-20 0 0));
    }
    bottom
    {
        type            calculated;
        value           nonuniform List<vector> 10((-1.52466e-19 0 0) (-3.04932e-19 0 0) (0 0 0) (1.86347e-19 0 0) (-1.18585e-19 0 0) (-1.52466e-19 0 0) (8.47033e-20 0 0) (3.38813e-20 0 0) (-3.38813e-20 0 0) (1.69407e-20 0 0));
    }
    defaultFaces
    {
        type            empty;
    }
}


// ************************************************************************* //
