/*--------------------------------*- C++ -*----------------------------------*\
| =========                 |                                                 |
| \\      /  F ield         | OpenFOAM: The Open Source CFD Toolbox           |
|  \\    /   O peration     | Version:  2406                                  |
|   \\  /    A nd           | Website:  www.openfoam.com                      |
|    \\/     M anipulation  |                                                 |
\*---------------------------------------------------------------------------*/
FoamFile
{
    version     2.0;
    format      ascii;
    arch        "LSB;label=32;scalar=64";
    class       volVectorField;
    location    "2.75";
    object      flux;
}
// * * * * * * * * * * * * * * * * * * * * * * * * * * * * * * * * * * * * * //

dimensions      [0 1 -1 1 0 0 0];

internalField   nonuniform List<vector> 
100
(
(-8.14907e-09 -6.98492e-09 0)
(-1.62981e-08 1.16415e-09 0)
(1.16415e-09 4.65661e-09 0)
(6.98492e-09 6.98492e-09 0)
(-1.62981e-08 1.16415e-09 0)
(-1.86265e-08 -1.16415e-09 0)
(1.16415e-09 1.16415e-09 0)
(-1.16415e-09 0 0)
(2.32831e-09 3.49246e-09 0)
(9.31323e-09 0 0)
(-2.32831e-09 -1.74623e-08 0)
(-4.65661e-09 -2.32831e-09 0)
(1.04774e-08 1.62981e-08 0)
(3.49246e-09 1.5134e-08 0)
(-2.67755e-08 0 0)
(-1.74623e-08 1.16415e-09 0)
(2.32831e-09 8.14907e-09 0)
(-1.16415e-09 2.32831e-09 0)
(4.65661e-09 1.16415e-08 0)
(5.82077e-09 5.82077e-09 0)
(5.82077e-09 -2.32831e-09 0)
(1.62981e-08 2.32831e-09 0)
(1.74623e-08 6.98492e-09 0)
(-5.82077e-09 1.16415e-09 0)
(-2.91038e-08 3.49246e-09 0)
(-1.28057e-08 1.16415e-08 0)
(3.49246e-09 5.82077e-09 0)
(2.32831e-09 0 0)
(4.65661e-09 1.04774e-08 0)
(3.49246e-09 1.04774e-08 0)
(4.65661e-09 1.39698e-08 0)
(5.82077e-09 5.82077e-09 0)
(6.98492e-09 -6.98492e-09 0)
(-2.32831e-09 -1.04774e-08 0)
(-1.62981e-08 -8.14907e-09 0)
(-1.5134e-08 0 0)
(-1.04774e-08 -8.14907e-09 0)
(5.82077e-09 -3.49246e-09 0)
(1.39698e-08 4.65661e-09 0)
(6.98492e-09 -4.65661e-09 0)
(-1.16415e-09 -5.82077e-09 0)
(-1.16415e-09 -6.98492e-09 0)
(4.65661e-09 -1.04774e-08 0)
(-8.14907e-09 -1.16415e-08 0)
(-1.97906e-08 -1.16415e-08 0)
(-1.28057e-08 -6.98492e-09 0)
(-1.16415e-09 -6.98492e-09 0)
(1.39698e-08 2.32831e-09 0)
(3.49246e-09 0 0)
(-5.82077e-09 -1.5134e-08 0)
(3.49246e-09 -4.65661e-09 0)
(-3.49246e-09 1.16415e-09 0)
(1.16415e-09 -1.16415e-09 0)
(-1.16415e-09 1.16415e-09 0)
(-1.04774e-08 1.04774e-08 0)
(-1.16415e-08 1.39698e-08 0)
(-1.16415e-09 1.04774e-08 0)
(1.28057e-08 1.16415e-09 0)
(-1.16415e-09 -3.49246e-09 0)
(-1.04774e-08 -6.98492e-09 0)
(5.82077e-09 1.16415e-08 0)
(3.49246e-09 1.86265e-08 0)
(2.32831e-09 1.62981e-08 0)
(4.65661e-09 1.04774e-08 0)
(-9.31323e-09 1.5134e-08 0)
(-1.16415e-08 1.28057e-08 0)
(-1.04774e-08 1.5134e-08 0)
(0 9.31323e-09 0)
(-4.65661e-09 0 0)
(-1.04774e-08 -3.49246e-09 0)
(5.82077e-09 1.5134e-08 0)
(3.49246e-09 1.86265e-08 0)
(-5.82077e-09 1.74623e-08 0)
(-3.49246e-09 8.14907e-09 0)
(-6.98492e-09 6.98492e-09 0)
(-1.04774e-08 1.04774e-08 0)
(-6.98492e-09 1.16415e-08 0)
(-2.32831e-09 1.04774e-08 0)
(-1.28057e-08 -1.16415e-09 0)
(-1.39698e-08 -1.16415e-08 0)
(1.28057e-08 1.28057e-08 0)
(5.82077e-09 9.31323e-09 0)
(-9.31323e-09 8.14907e-09 0)
(-6.98492e-09 5.82077e-09 0)
(-6.98492e-09 3.49246e-09 0)
(-6.98492e-09 1.16415e-09 0)
(-1.04774e-08 6.98492e-09 0)
(-1.28057e-08 -2.32831e-09 0)
(-2.67755e-08 -2.09548e-08 0)
(-1.97906e-08 -1.16415e-08 0)
(2.32831e-09 1.04774e-08 0)
(-6.98492e-09 0 0)
(-5.82077e-09 -2.32831e-09 0)
(-6.98492e-09 2.32831e-09 0)
(-1.16415e-08 -2.32831e-09 0)
(-8.14907e-09 -2.32831e-09 0)
(-1.04774e-08 -1.16415e-09 0)
(-2.91038e-08 -4.65661e-09 0)
(-2.32831e-08 -1.5134e-08 0)
(-5.82077e-09 -2.32831e-09 0)
)
;

boundaryField
{
    left
    {
        type            calculated;
        value           nonuniform List<vector> 10((0 -6.98492e-09 0) (0 -1.74623e-08 0) (0 -2.32831e-09 0) (0 1.39698e-08 0) (0 -5.82077e-09 0) (0 -4.65661e-09 0) (0 1.16415e-08 0) (0 1.5134e-08 0) (0 1.28057e-08 0) (0 1.04774e-08 0));
    }
    right
    {
        type            calculated;
        value           nonuniform List<vector> 10((0 0 0) (0 5.82077e-09 0) (0 1.04774e-08 0) (0 -4.65661e-09 0) (0 -1.5134e-08 0) (0 -6.98492e-09 0) (0 -3.49246e-09 0) (0 -1.16415e-08 0) (0 -1.16415e-08 0) (0 -2.32831e-09 0));
    }
    top
    {
        type            calculated;
        value           nonuniform List<vector> 10((2.32831e-09 0 0) (-6.98492e-09 0 0) (-5.82077e-09 0 0) (-6.98492e-09 0 0) (-1.16415e-08 0 0) (-8.14907e-09 0 0) (-1.04774e-08 0 0) (-2.91038e-08 0 0) (-2.32831e-08 0 0) (-5.82077e-09 0 0));
    }
    bottom
    {
        type            calculated;
        value           nonuniform List<vector> 10((-8.14907e-09 0 0) (-1.62981e-08 0 0) (1.16415e-09 0 0) (6.98492e-09 0 0) (-1.62981e-08 0 0) (-1.86265e-08 0 0) (1.16415e-09 0 0) (-1.16415e-09 0 0) (2.32831e-09 0 0) (9.31323e-09 0 0));
    }
    defaultFaces
    {
        type            empty;
    }
}


// ************************************************************************* //
