/*--------------------------------*- C++ -*----------------------------------*\
| =========                 |                                                 |
| \\      /  F ield         | OpenFOAM: The Open Source CFD Toolbox           |
|  \\    /   O peration     | Version:  2406                                  |
|   \\  /    A nd           | Website:  www.openfoam.com                      |
|    \\/     M anipulation  |                                                 |
\*---------------------------------------------------------------------------*/
FoamFile
{
    version     2.0;
    format      ascii;
    arch        "LSB;label=32;scalar=64";
    class       volVectorField;
    location    "4.25";
    object      flux;
}
// * * * * * * * * * * * * * * * * * * * * * * * * * * * * * * * * * * * * * //

dimensions      [0 1 -1 1 0 0 0];

internalField   nonuniform List<vector> 
100
(
(-0.0439453 -0.0341797 0)
(-0.0878906 -0.00976562 0)
(0 0.0195313 0)
(0.0146484 0.0292969 0)
(-0.0976562 0.0146484 0)
(-0.0732422 -0.0146484 0)
(0.0341797 0.00488281 0)
(0.00976562 0 0)
(0.0292969 0.00976563 0)
(0.0341797 0.00488281 0)
(-0.0195312 -0.0976562 0)
(-0.0244141 -0.0195312 0)
(0.0488281 0.0634766 0)
(0 0.0683594 0)
(-0.141602 0.0244141 0)
(-0.0732422 0.0390625 0)
(0.0390625 0.0439453 0)
(0.0195312 0.0390625 0)
(0.0244141 0.0537109 0)
(0.0390625 0.0146484 0)
(0.0292969 -0.00976563 0)
(0.0634766 0.0244141 0)
(0.0878906 0.0390625 0)
(-0.0244141 0.0341797 0)
(-0.136719 0.0390625 0)
(-0.0537109 0.0683594 0)
(0.0341797 0.0390625 0)
(0.0244141 0 0)
(0.00488281 0.0439453 0)
(-0.00488281 0.0439453 0)
(0.0195312 0.0537109 0)
(0.0244141 0.0244141 0)
(0.0488281 -0.0341797 0)
(0 -0.0537109 0)
(-0.0976562 -0.0341797 0)
(-0.078125 0.0146484 0)
(-0.0244141 -0.0146484 0)
(0.0244141 -0.0244141 0)
(0.0634766 -0.00976562 0)
(0.0390625 -0.0341797 0)
(-0.00488281 -0.00976562 0)
(-0.0292969 -0.0244141 0)
(0.0292969 -0.0634766 0)
(-0.0341797 -0.0732422 0)
(-0.0732422 -0.0732422 0)
(-0.0341797 -0.0195313 0)
(0 -0.0146484 0)
(0.0244141 0.00488281 0)
(-0.00488281 0.00488281 0)
(-0.0244141 -0.078125 0)
(0.0146484 0.00488281 0)
(-0.0244141 0.0195313 0)
(-0.00976563 0.00976563 0)
(-0.00976562 -0.0146484 0)
(-0.0390625 0.0341797 0)
(-0.0244141 0.0439453 0)
(-0.00976563 0.0292969 0)
(0.0537109 0.0195312 0)
(-0.0195313 -0.00488281 0)
(-0.0488281 -0.0195313 0)
(0.00488281 0.0732422 0)
(-0.00976562 0.0927734 0)
(-0.0146484 0.102539 0)
(0 0.0537109 0)
(-0.0244141 0.0634766 0)
(-0.0244141 0.0634766 0)
(-0.0195313 0.0683594 0)
(-0.0195312 0.0390625 0)
(-0.0390625 0 0)
(-0.0439453 -0.0341797 0)
(0.0244141 0.078125 0)
(0 0.107422 0)
(-0.0537109 0.126953 0)
(-0.0439453 0.0683594 0)
(-0.0292969 0.0488281 0)
(-0.0292969 0.0439453 0)
(-0.0244141 0.0390625 0)
(-0.0195312 0.0341797 0)
(-0.0878906 -0.0341797 0)
(-0.078125 -0.0732422 0)
(0.0488281 0.0488281 0)
(0.0390625 0.0390625 0)
(-0.0439453 0.0439453 0)
(-0.0830078 0.0585938 0)
(-0.0537109 0.0195313 0)
(-0.0341797 -0.0195313 0)
(-0.0341797 0.00488281 0)
(-0.0830078 -0.0341797 0)
(-0.151367 -0.112305 0)
(-0.078125 -0.0634766 0)
(0.00976562 0.0390625 0)
(-0.0146484 -0.00976562 0)
(-0.0244141 -0.0195313 0)
(-0.0683594 0.0195312 0)
(-0.102539 0 0)
(-0.0439453 -0.0341797 0)
(-0.0488281 -0.0195313 0)
(-0.131836 -0.0439453 0)
(-0.117188 -0.0634766 0)
(-0.0292969 -0.00976562 0)
)
;

boundaryField
{
    left
    {
        type            calculated;
        value           nonuniform List<vector> 10((0 -0.0341797 0) (0 -0.0976562 0) (0 -0.00976563 0) (0 0.0537109 0) (0 -0.00976562 0) (0 0.00488281 0) (0 0.0732422 0) (0 0.078125 0) (0 0.0488281 0) (0 0.0390625 0));
    }
    right
    {
        type            calculated;
        value           nonuniform List<vector> 10((0 0.00488281 0) (0 0.0146484 0) (0 0.0439453 0) (0 -0.0341797 0) (0 -0.078125 0) (0 -0.0195313 0) (0 -0.0341797 0) (0 -0.0732422 0) (0 -0.0634766 0) (0 -0.00976562 0));
    }
    top
    {
        type            calculated;
        value           nonuniform List<vector> 10((0.00976562 0 0) (-0.0146484 0 0) (-0.0244141 0 0) (-0.0683594 0 0) (-0.102539 0 0) (-0.0439453 0 0) (-0.0488281 0 0) (-0.131836 0 0) (-0.117188 0 0) (-0.0292969 0 0));
    }
    bottom
    {
        type            calculated;
        value           nonuniform List<vector> 10((-0.0439453 0 0) (-0.0878906 0 0) (0 0 0) (0.0146484 0 0) (-0.0976562 0 0) (-0.0732422 0 0) (0.0341797 0 0) (0.00976562 0 0) (0.0292969 0 0) (0.0341797 0 0));
    }
    defaultFaces
    {
        type            empty;
    }
}


// ************************************************************************* //
