/*--------------------------------*- C++ -*----------------------------------*\
| =========                 |                                                 |
| \\      /  F ield         | OpenFOAM: The Open Source CFD Toolbox           |
|  \\    /   O peration     | Version:  2406                                  |
|   \\  /    A nd           | Website:  www.openfoam.com                      |
|    \\/     M anipulation  |                                                 |
\*---------------------------------------------------------------------------*/
FoamFile
{
    version     2.0;
    format      ascii;
    arch        "LSB;label=32;scalar=64";
    class       volVectorField;
    location    "0.2";
    object      flux;
}
// * * * * * * * * * * * * * * * * * * * * * * * * * * * * * * * * * * * * * //

dimensions      [0 1 -1 1 0 0 0];

internalField   nonuniform List<vector> 
100
(
(-2.11758e-20 -1.69407e-20 0)
(-5.0822e-20 -8.47033e-21 0)
(0 0 0)
(1.69407e-20 1.69407e-20 0)
(-2.11758e-20 4.23516e-21 0)
(-1.27055e-20 -1.69407e-20 0)
(1.27055e-20 -4.23516e-21 0)
(0 4.23516e-21 0)
(8.47033e-21 -8.47033e-21 0)
(1.69407e-20 -4.23516e-21 0)
(-1.69407e-20 -5.0822e-20 0)
(-2.96462e-20 -1.69407e-20 0)
(2.5411e-20 1.69407e-20 0)
(2.11758e-20 3.38813e-20 0)
(-5.50571e-20 -4.23516e-21 0)
(-1.27055e-20 -2.11758e-20 0)
(2.5411e-20 0 0)
(-4.23516e-21 4.23516e-21 0)
(4.23516e-21 4.23516e-21 0)
(1.69407e-20 0 0)
(8.47033e-21 -1.27055e-20 0)
(2.5411e-20 8.47033e-21 0)
(3.81165e-20 2.96462e-20 0)
(-8.47033e-21 1.69407e-20 0)
(-7.6233e-20 4.23516e-21 0)
(-8.47033e-21 3.38813e-20 0)
(3.81165e-20 4.23516e-21 0)
(4.23516e-21 -8.47033e-21 0)
(4.23516e-21 1.27055e-20 0)
(1.69407e-20 8.47033e-21 0)
(1.27055e-20 2.11758e-20 0)
(1.69407e-20 8.47033e-21 0)
(2.96462e-20 -2.11758e-20 0)
(-4.23516e-21 -2.11758e-20 0)
(-3.38813e-20 -2.96462e-20 0)
(-1.27055e-20 4.23516e-21 0)
(-1.27055e-20 -2.11758e-20 0)
(4.23516e-21 -1.27055e-20 0)
(2.11758e-20 4.23516e-21 0)
(1.69407e-20 -1.27055e-20 0)
(4.23516e-21 -1.27055e-20 0)
(-1.69407e-20 -8.47033e-21 0)
(1.27055e-20 -4.65868e-20 0)
(-1.69407e-20 -4.65868e-20 0)
(-5.0822e-20 -5.0822e-20 0)
(-8.47033e-21 -2.11758e-20 0)
(1.69407e-20 -3.81165e-20 0)
(3.81165e-20 -1.69407e-20 0)
(0 1.27055e-20 0)
(-1.27055e-20 -2.5411e-20 0)
(1.27055e-20 -8.47033e-21 0)
(-2.96462e-20 -1.27055e-20 0)
(0 -1.27055e-20 0)
(-4.23516e-21 -8.47033e-21 0)
(-1.69407e-20 2.11758e-20 0)
(0 1.69407e-20 0)
(-4.23516e-21 1.69407e-20 0)
(5.50571e-20 8.47033e-21 0)
(1.69407e-20 0 0)
(-1.69407e-20 -8.47033e-21 0)
(8.47033e-21 4.23516e-21 0)
(-1.69407e-20 1.69407e-20 0)
(8.47033e-21 4.23516e-20 0)
(1.69407e-20 0 0)
(-2.11758e-20 3.81165e-20 0)
(-8.47033e-21 2.11758e-20 0)
(8.47033e-21 4.23516e-20 0)
(1.69407e-20 2.96462e-20 0)
(-1.69407e-20 8.47033e-21 0)
(-2.11758e-20 -1.27055e-20 0)
(8.47033e-21 4.23516e-21 0)
(1.27055e-20 2.11758e-20 0)
(-1.69407e-20 3.38813e-20 0)
(-8.47033e-21 4.23516e-21 0)
(8.47033e-21 0 0)
(0 8.47033e-21 0)
(4.23516e-21 2.5411e-20 0)
(1.69407e-20 1.69407e-20 0)
(-2.5411e-20 -4.23516e-21 0)
(-3.38813e-20 -2.5411e-20 0)
(2.11758e-20 1.27055e-20 0)
(1.27055e-20 -4.23516e-21 0)
(-1.27055e-20 -4.23516e-21 0)
(-1.69407e-20 1.69407e-20 0)
(-8.47033e-21 4.23516e-21 0)
(8.47033e-21 -1.69407e-20 0)
(1.69407e-20 -8.47033e-21 0)
(-8.47033e-21 -4.23516e-21 0)
(-5.50571e-20 -5.50571e-20 0)
(-4.23516e-20 0 0)
(4.23516e-21 8.47033e-21 0)
(-8.47033e-21 -4.23516e-21 0)
(8.47033e-21 -4.23516e-21 0)
(0 1.27055e-20 0)
(-2.5411e-20 1.27055e-20 0)
(-1.27055e-20 -4.23516e-21 0)
(1.69407e-20 -4.23516e-21 0)
(-2.96462e-20 -1.27055e-20 0)
(-2.5411e-20 -2.5411e-20 0)
(1.69407e-20 2.5411e-20 0)
)
;

boundaryField
{
    left
    {
        type            calculated;
        value           nonuniform List<vector> 10((0 -1.69407e-20 0) (0 -5.0822e-20 0) (0 -1.27055e-20 0) (0 2.11758e-20 0) (0 -1.27055e-20 0) (0 -8.47033e-21 0) (0 4.23516e-21 0) (0 4.23516e-21 0) (0 1.27055e-20 0) (0 8.47033e-21 0));
    }
    right
    {
        type            calculated;
        value           nonuniform List<vector> 10((0 -4.23516e-21 0) (0 0 0) (0 8.47033e-21 0) (0 -1.27055e-20 0) (0 -2.5411e-20 0) (0 -8.47033e-21 0) (0 -1.27055e-20 0) (0 -2.5411e-20 0) (0 0 0) (0 2.5411e-20 0));
    }
    top
    {
        type            calculated;
        value           nonuniform List<vector> 10((4.23516e-21 0 0) (-8.47033e-21 0 0) (8.47033e-21 0 0) (0 0 0) (-2.5411e-20 0 0) (-1.27055e-20 0 0) (1.69407e-20 0 0) (-2.96462e-20 0 0) (-2.5411e-20 0 0) (1.69407e-20 0 0));
    }
    bottom
    {
        type            calculated;
        value           nonuniform List<vector> 10((-2.11758e-20 0 0) (-5.0822e-20 0 0) (0 0 0) (1.69407e-20 0 0) (-2.11758e-20 0 0) (-1.27055e-20 0 0) (1.27055e-20 0 0) (0 0 0) (8.47033e-21 0 0) (1.69407e-20 0 0));
    }
    defaultFaces
    {
        type            empty;
    }
}


// ************************************************************************* //
