/*--------------------------------*- C++ -*----------------------------------*\
| =========                 |                                                 |
| \\      /  F ield         | OpenFOAM: The Open Source CFD Toolbox           |
|  \\    /   O peration     | Version:  2406                                  |
|   \\  /    A nd           | Website:  www.openfoam.com                      |
|    \\/     M anipulation  |                                                 |
\*---------------------------------------------------------------------------*/
FoamFile
{
    version     2.0;
    format      ascii;
    arch        "LSB;label=32;scalar=64";
    class       volVectorField;
    location    "4.8";
    object      flux;
}
// * * * * * * * * * * * * * * * * * * * * * * * * * * * * * * * * * * * * * //

dimensions      [0 1 -1 1 0 0 0];

internalField   nonuniform List<vector> 
100
(
(-8.75 -7.5 0)
(-22.5 -2.5 0)
(-5 10 0)
(7.5 15 0)
(-27.5 5 0)
(-20 -2.5 0)
(2.5 -1.25 0)
(2.5 2.5 0)
(7.5 2.5 0)
(10 0 0)
(-5 -21.25 0)
(-5 -5 0)
(15 23.75 0)
(1.25 23.75 0)
(-41.25 2.5 0)
(-27.5 8.75 0)
(8.75 7.5 0)
(6.25 11.25 0)
(5 11.25 0)
(6.25 5 0)
(8.75 -1.25 0)
(21.25 8.75 0)
(21.25 15 0)
(-12.5 8.75 0)
(-42.5 5 0)
(-17.5 16.25 0)
(7.5 11.25 0)
(6.25 1.25 0)
(0 11.25 0)
(1.25 11.25 0)
(6.25 16.25 0)
(11.25 10 0)
(15 -6.25 0)
(-10 -8.75 0)
(-33.75 -5 0)
(-22.5 2.5 0)
(-6.25 0 0)
(6.25 -7.5 0)
(15 3.75 0)
(8.75 -6.25 0)
(1.25 0 0)
(-1.25 -6.25 0)
(6.25 -20 0)
(-12.5 -17.5 0)
(-32.5 -13.75 0)
(-13.75 0 0)
(0 -6.25 0)
(10 5 0)
(0 3.75 0)
(-10 -16.25 0)
(-1.25 1.25 0)
(-8.75 1.25 0)
(3.75 -1.25 0)
(-3.75 -2.5 0)
(-13.75 8.75 0)
(-16.25 16.25 0)
(-5 10 0)
(17.5 5 0)
(-2.5 -1.25 0)
(-11.25 -5 0)
(2.5 18.75 0)
(-3.75 23.75 0)
(0 30 0)
(0 16.25 0)
(-13.75 21.25 0)
(-11.25 15 0)
(-10 20 0)
(-1.25 12.5 0)
(-13.75 1.25 0)
(-13.75 -12.5 0)
(3.75 25 0)
(1.25 28.75 0)
(-5 35 0)
(-12.5 17.5 0)
(-16.25 15 0)
(-16.25 13.75 0)
(-6.25 13.75 0)
(-1.25 7.5 0)
(-27.5 -7.5 0)
(-25 -21.25 0)
(8.75 17.5 0)
(6.25 16.25 0)
(-10 15 0)
(-20 15 0)
(-20 3.75 0)
(-12.5 0 0)
(-13.75 6.25 0)
(-22.5 -6.25 0)
(-42.5 -27.5 0)
(-26.25 -12.5 0)
(3.75 6.25 0)
(-2.5 3.75 0)
(-5 -1.25 0)
(-20 7.5 0)
(-32.5 0 0)
(-16.25 -6.25 0)
(-12.5 -3.75 0)
(-36.25 -6.25 0)
(-32.5 -13.75 0)
(-11.25 1.25 0)
)
;

boundaryField
{
    left
    {
        type            calculated;
        value           nonuniform List<vector> 10((0 -7.5 0) (0 -21.25 0) (0 -1.25 0) (0 16.25 0) (0 0 0) (0 1.25 0) (0 18.75 0) (0 25 0) (0 17.5 0) (0 6.25 0));
    }
    right
    {
        type            calculated;
        value           nonuniform List<vector> 10((0 0 0) (0 5 0) (0 11.25 0) (0 -6.25 0) (0 -16.25 0) (0 -5 0) (0 -12.5 0) (0 -21.25 0) (0 -12.5 0) (0 1.25 0));
    }
    top
    {
        type            calculated;
        value           nonuniform List<vector> 10((3.75 0 0) (-2.5 0 0) (-5 0 0) (-20 0 0) (-32.5 0 0) (-16.25 0 0) (-12.5 0 0) (-36.25 0 0) (-32.5 0 0) (-11.25 0 0));
    }
    bottom
    {
        type            calculated;
        value           nonuniform List<vector> 10((-8.75 0 0) (-22.5 0 0) (-5 0 0) (7.5 0 0) (-27.5 0 0) (-20 0 0) (2.5 0 0) (2.5 0 0) (7.5 0 0) (10 0 0));
    }
    defaultFaces
    {
        type            empty;
    }
}


// ************************************************************************* //
