/*--------------------------------*- C++ -*----------------------------------*\
| =========                 |                                                 |
| \\      /  F ield         | OpenFOAM: The Open Source CFD Toolbox           |
|  \\    /   O peration     | Version:  2406                                  |
|   \\  /    A nd           | Website:  www.openfoam.com                      |
|    \\/     M anipulation  |                                                 |
\*---------------------------------------------------------------------------*/
FoamFile
{
    version     2.0;
    format      ascii;
    arch        "LSB;label=32;scalar=64";
    class       volVectorField;
    location    "0.95";
    object      flux;
}
// * * * * * * * * * * * * * * * * * * * * * * * * * * * * * * * * * * * * * //

dimensions      [0 1 -1 1 0 0 0];

internalField   nonuniform List<vector> 
100
(
(-9.54098e-17 -9.54098e-17 0)
(-1.82146e-16 1.73472e-17 0)
(0 1.73472e-17 0)
(2.60209e-17 9.54098e-17 0)
(-1.82146e-16 2.60209e-17 0)
(-1.21431e-16 0 0)
(9.54098e-17 0 0)
(8.67362e-17 1.73472e-17 0)
(7.80626e-17 -2.60209e-17 0)
(7.80626e-17 -2.60209e-17 0)
(0 -1.64799e-16 0)
(-6.07153e-17 -3.46945e-17 0)
(7.80626e-17 1.04083e-16 0)
(2.60209e-17 1.04083e-16 0)
(-2.68882e-16 0 0)
(-1.56125e-16 2.60209e-17 0)
(1.12757e-16 4.33681e-17 0)
(6.07153e-17 1.73472e-17 0)
(6.07153e-17 6.07153e-17 0)
(6.93889e-17 -8.67362e-18 0)
(4.33681e-17 -1.73472e-17 0)
(1.04083e-16 0 0)
(1.30104e-16 4.33681e-17 0)
(-6.93889e-17 -8.67362e-18 0)
(-2.68882e-16 1.73472e-17 0)
(-9.54098e-17 1.12757e-16 0)
(9.54098e-17 6.07153e-17 0)
(9.54098e-17 -5.20417e-17 0)
(4.33681e-17 7.80626e-17 0)
(1.73472e-17 6.07153e-17 0)
(8.67362e-18 9.54098e-17 0)
(0 3.46945e-17 0)
(5.20417e-17 -5.20417e-17 0)
(0 -7.80626e-17 0)
(-1.30104e-16 -5.20417e-17 0)
(-1.12757e-16 0 0)
(-6.93889e-17 -4.33681e-17 0)
(9.54098e-17 -7.80626e-17 0)
(1.56125e-16 3.46945e-17 0)
(4.33681e-17 -6.93889e-17 0)
(-8.67362e-18 -9.54098e-17 0)
(-5.20417e-17 -7.80626e-17 0)
(5.20417e-17 -1.04083e-16 0)
(-6.93889e-17 -1.21431e-16 0)
(-1.9082e-16 -1.30104e-16 0)
(-7.80626e-17 -9.54098e-17 0)
(8.67362e-18 -7.80626e-17 0)
(1.73472e-16 1.73472e-17 0)
(5.20417e-17 -1.73472e-17 0)
(-7.80626e-17 -1.21431e-16 0)
(2.60209e-17 -6.07153e-17 0)
(-2.60209e-17 -2.60209e-17 0)
(1.73472e-17 -3.46945e-17 0)
(-3.46945e-17 -8.67362e-18 0)
(-1.04083e-16 8.67362e-17 0)
(-5.20417e-17 1.47451e-16 0)
(3.46945e-17 1.12757e-16 0)
(1.73472e-16 9.54098e-17 0)
(8.67362e-18 -2.60209e-17 0)
(-7.80626e-17 -4.33681e-17 0)
(3.46945e-17 2.60209e-17 0)
(0 1.12757e-16 0)
(4.33681e-17 1.04083e-16 0)
(6.07153e-17 4.33681e-17 0)
(-3.46945e-17 1.30104e-16 0)
(-6.07153e-17 1.56125e-16 0)
(-4.33681e-17 1.30104e-16 0)
(2.60209e-17 9.54098e-17 0)
(-6.93889e-17 1.73472e-17 0)
(-7.80626e-17 -4.33681e-17 0)
(8.67362e-17 7.80626e-17 0)
(3.46945e-17 1.30104e-16 0)
(-3.46945e-17 1.56125e-16 0)
(-8.67362e-18 4.33681e-17 0)
(8.67362e-18 4.33681e-17 0)
(-5.20417e-17 8.67362e-17 0)
(-1.73472e-17 1.12757e-16 0)
(4.33681e-17 6.93889e-17 0)
(-1.47451e-16 -4.33681e-17 0)
(-1.47451e-16 -1.47451e-16 0)
(1.12757e-16 1.38778e-16 0)
(7.80626e-17 4.33681e-17 0)
(-6.93889e-17 5.20417e-17 0)
(-6.93889e-17 5.20417e-17 0)
(2.60209e-17 2.60209e-17 0)
(0 -3.46945e-17 0)
(-6.07153e-17 6.07153e-17 0)
(-1.21431e-16 -7.80626e-17 0)
(-2.51535e-16 -1.9082e-16 0)
(-1.82146e-16 -1.04083e-16 0)
(0 7.80626e-17 0)
(-4.33681e-17 -1.73472e-17 0)
(-2.60209e-17 -4.33681e-17 0)
(-8.67362e-18 2.60209e-17 0)
(-7.80626e-17 8.67362e-18 0)
(-3.46945e-17 -6.07153e-17 0)
(-5.20417e-17 -3.46945e-17 0)
(-2.08167e-16 -6.93889e-17 0)
(-1.82146e-16 -1.12757e-16 0)
(-5.20417e-17 1.73472e-17 0)
)
;

boundaryField
{
    left
    {
        type            calculated;
        value           nonuniform List<vector> 10((0 -9.54098e-17 0) (0 -1.64799e-16 0) (0 -1.73472e-17 0) (0 9.54098e-17 0) (0 -9.54098e-17 0) (0 -6.07153e-17 0) (0 2.60209e-17 0) (0 7.80626e-17 0) (0 1.38778e-16 0) (0 7.80626e-17 0));
    }
    right
    {
        type            calculated;
        value           nonuniform List<vector> 10((0 -2.60209e-17 0) (0 -8.67362e-18 0) (0 6.07153e-17 0) (0 -6.93889e-17 0) (0 -1.21431e-16 0) (0 -4.33681e-17 0) (0 -4.33681e-17 0) (0 -1.47451e-16 0) (0 -1.04083e-16 0) (0 1.73472e-17 0));
    }
    top
    {
        type            calculated;
        value           nonuniform List<vector> 10((0 0 0) (-4.33681e-17 0 0) (-2.60209e-17 0 0) (-8.67362e-18 0 0) (-7.80626e-17 0 0) (-3.46945e-17 0 0) (-5.20417e-17 0 0) (-2.08167e-16 0 0) (-1.82146e-16 0 0) (-5.20417e-17 0 0));
    }
    bottom
    {
        type            calculated;
        value           nonuniform List<vector> 10((-9.54098e-17 0 0) (-1.82146e-16 0 0) (0 0 0) (2.60209e-17 0 0) (-1.82146e-16 0 0) (-1.21431e-16 0 0) (9.54098e-17 0 0) (8.67362e-17 0 0) (7.80626e-17 0 0) (7.80626e-17 0 0));
    }
    defaultFaces
    {
        type            empty;
    }
}


// ************************************************************************* //
