/*--------------------------------*- C++ -*----------------------------------*\
| =========                 |                                                 |
| \\      /  F ield         | OpenFOAM: The Open Source CFD Toolbox           |
|  \\    /   O peration     | Version:  2406                                  |
|   \\  /    A nd           | Website:  www.openfoam.com                      |
|    \\/     M anipulation  |                                                 |
\*---------------------------------------------------------------------------*/
FoamFile
{
    version     2.0;
    format      ascii;
    arch        "LSB;label=32;scalar=64";
    class       volVectorField;
    location    "6.8";
    object      flux;
}
// * * * * * * * * * * * * * * * * * * * * * * * * * * * * * * * * * * * * * //

dimensions      [0 1 -1 1 0 0 0];

internalField   nonuniform List<vector> 
100
(
(-9.39524e+09 -8.05306e+09 0)
(-2.01327e+10 -2.68435e+09 0)
(-1.34218e+09 4.02653e+09 0)
(4.02653e+09 9.39524e+09 0)
(-1.74483e+10 2.68435e+09 0)
(-1.20796e+10 -2.68435e+09 0)
(5.36871e+09 0 0)
(1.34218e+09 0 0)
(1.07374e+10 0 0)
(9.39524e+09 -2.68435e+09 0)
(-5.36871e+09 -2.14748e+10 0)
(-5.36871e+09 -5.36871e+09 0)
(1.20796e+10 1.61061e+10 0)
(2.68435e+09 1.74483e+10 0)
(-2.81857e+10 2.68435e+09 0)
(-1.4764e+10 4.02653e+09 0)
(6.71089e+09 6.71089e+09 0)
(2.68435e+09 2.68435e+09 0)
(5.36871e+09 8.05306e+09 0)
(9.39524e+09 0 0)
(5.36871e+09 0 0)
(1.4764e+10 6.71089e+09 0)
(1.87905e+10 1.20796e+10 0)
(-8.05306e+09 6.71089e+09 0)
(-3.08701e+10 6.71089e+09 0)
(-1.07374e+10 1.34218e+10 0)
(6.71089e+09 8.05306e+09 0)
(4.02653e+09 2.68435e+09 0)
(4.02653e+09 1.07374e+10 0)
(1.34218e+09 2.68435e+09 0)
(4.02653e+09 1.4764e+10 0)
(6.71089e+09 1.07374e+10 0)
(1.07374e+10 -2.68435e+09 0)
(-5.36871e+09 -6.71089e+09 0)
(-1.74483e+10 -4.02653e+09 0)
(-1.34218e+10 6.71089e+09 0)
(-6.71089e+09 -2.68435e+09 0)
(4.02653e+09 -2.68435e+09 0)
(9.39524e+09 5.36871e+09 0)
(2.68435e+09 -1.34218e+09 0)
(0 0 0)
(-2.68435e+09 -4.02653e+09 0)
(5.36871e+09 -1.20796e+10 0)
(-1.07374e+10 -1.07374e+10 0)
(-2.01327e+10 -1.4764e+10 0)
(-8.05306e+09 -5.36871e+09 0)
(0 -6.71089e+09 0)
(1.20796e+10 2.68435e+09 0)
(2.68435e+09 1.34218e+09 0)
(-5.36871e+09 -8.05306e+09 0)
(1.34218e+09 1.34218e+09 0)
(-6.71089e+09 5.36871e+09 0)
(2.68435e+09 0 0)
(-5.36871e+09 0 0)
(-1.07374e+10 1.07374e+10 0)
(-8.05306e+09 1.4764e+10 0)
(-2.68435e+09 1.20796e+10 0)
(1.61061e+10 1.34218e+09 0)
(-1.34218e+09 -5.36871e+09 0)
(-1.07374e+10 -1.07374e+10 0)
(2.68435e+09 1.87905e+10 0)
(-1.34218e+09 2.14748e+10 0)
(0 2.41592e+10 0)
(-1.34218e+09 1.20796e+10 0)
(-6.71089e+09 1.87905e+10 0)
(-6.71089e+09 1.4764e+10 0)
(-9.39524e+09 1.4764e+10 0)
(-5.36871e+09 1.07374e+10 0)
(-8.05306e+09 -1.34218e+09 0)
(-8.05306e+09 -5.36871e+09 0)
(4.02653e+09 2.2817e+10 0)
(1.34218e+09 2.41592e+10 0)
(-9.39524e+09 2.68435e+10 0)
(-1.07374e+10 1.74483e+10 0)
(-6.71089e+09 1.61061e+10 0)
(-1.07374e+10 1.34218e+10 0)
(-8.05306e+09 1.07374e+10 0)
(-4.02653e+09 8.05306e+09 0)
(-1.74483e+10 -4.02653e+09 0)
(-1.4764e+10 -1.4764e+10 0)
(6.71089e+09 1.34218e+10 0)
(2.68435e+09 1.07374e+10 0)
(-6.71089e+09 9.39524e+09 0)
(-1.34218e+10 1.34218e+10 0)
(-1.34218e+10 2.68435e+09 0)
(-1.20796e+10 -2.68435e+09 0)
(-1.20796e+10 4.02653e+09 0)
(-1.74483e+10 -5.36871e+09 0)
(-3.08701e+10 -2.55014e+10 0)
(-1.87905e+10 -1.20796e+10 0)
(0 6.71089e+09 0)
(-5.36871e+09 0 0)
(-5.36871e+09 -2.68435e+09 0)
(-1.34218e+10 2.68435e+09 0)
(-2.41592e+10 -1.34218e+09 0)
(-1.20796e+10 -8.05306e+09 0)
(-1.20796e+10 -4.02653e+09 0)
(-3.22123e+10 -8.05306e+09 0)
(-2.41592e+10 -1.74483e+10 0)
(-4.02653e+09 -2.68435e+09 0)
)
;

boundaryField
{
    left
    {
        type            calculated;
        value           nonuniform List<vector> 10((0 -8.05306e+09 0) (0 -2.14748e+10 0) (0 0 0) (0 1.4764e+10 0) (0 0 0) (0 1.34218e+09 0) (0 1.87905e+10 0) (0 2.2817e+10 0) (0 1.34218e+10 0) (0 6.71089e+09 0));
    }
    right
    {
        type            calculated;
        value           nonuniform List<vector> 10((0 -2.68435e+09 0) (0 0 0) (0 2.68435e+09 0) (0 -1.34218e+09 0) (0 -8.05306e+09 0) (0 -1.07374e+10 0) (0 -5.36871e+09 0) (0 -1.4764e+10 0) (0 -1.20796e+10 0) (0 -2.68435e+09 0));
    }
    top
    {
        type            calculated;
        value           nonuniform List<vector> 10((0 0 0) (-5.36871e+09 0 0) (-5.36871e+09 0 0) (-1.34218e+10 0 0) (-2.41592e+10 0 0) (-1.20796e+10 0 0) (-1.20796e+10 0 0) (-3.22123e+10 0 0) (-2.41592e+10 0 0) (-4.02653e+09 0 0));
    }
    bottom
    {
        type            calculated;
        value           nonuniform List<vector> 10((-9.39524e+09 0 0) (-2.01327e+10 0 0) (-1.34218e+09 0 0) (4.02653e+09 0 0) (-1.74483e+10 0 0) (-1.20796e+10 0 0) (5.36871e+09 0 0) (1.34218e+09 0 0) (1.07374e+10 0 0) (9.39524e+09 0 0));
    }
    defaultFaces
    {
        type            empty;
    }
}


// ************************************************************************* //
