/*--------------------------------*- C++ -*----------------------------------*\
| =========                 |                                                 |
| \\      /  F ield         | OpenFOAM: The Open Source CFD Toolbox           |
|  \\    /   O peration     | Version:  2406                                  |
|   \\  /    A nd           | Website:  www.openfoam.com                      |
|    \\/     M anipulation  |                                                 |
\*---------------------------------------------------------------------------*/
FoamFile
{
    version     2.0;
    format      ascii;
    arch        "LSB;label=32;scalar=64";
    class       volVectorField;
    location    "9.85";
    object      flux;
}
// * * * * * * * * * * * * * * * * * * * * * * * * * * * * * * * * * * * * * //

dimensions      [0 1 -1 1 0 0 0];

internalField   nonuniform List<vector> 
100
(
(-4.25013e+23 -4.25013e+23 0)
(-9.44473e+23 0 0)
(-1.88895e+23 2.36118e+23 0)
(1.41671e+23 3.30566e+23 0)
(-9.44473e+23 1.41671e+23 0)
(-8.50026e+23 9.44473e+22 0)
(9.44473e+22 1.41671e+23 0)
(9.44473e+22 9.44473e+22 0)
(2.36118e+23 -9.44473e+22 0)
(2.83342e+23 9.44473e+22 0)
(-9.44473e+22 -7.55579e+23 0)
(-2.36118e+23 -9.44473e+22 0)
(1.88895e+23 8.50026e+23 0)
(-4.72237e+22 7.55579e+23 0)
(-1.27504e+24 4.72237e+22 0)
(-8.02802e+23 9.44473e+22 0)
(9.44473e+22 4.25013e+23 0)
(-9.44473e+22 2.36118e+23 0)
(1.88895e+23 4.25013e+23 0)
(3.77789e+23 1.41671e+23 0)
(2.83342e+23 0 0)
(6.61131e+23 4.72237e+22 0)
(6.61131e+23 3.30566e+23 0)
(-6.13908e+23 1.88895e+23 0)
(-1.41671e+24 2.36118e+23 0)
(-5.1946e+23 6.13908e+23 0)
(1.41671e+23 4.25013e+23 0)
(1.41671e+23 2.36118e+23 0)
(9.44473e+22 5.66684e+23 0)
(4.72237e+22 3.77789e+23 0)
(4.72237e+22 5.1946e+23 0)
(4.72237e+22 2.83342e+23 0)
(3.30566e+23 -2.36118e+23 0)
(-2.36118e+23 -2.36118e+23 0)
(-8.02802e+23 -9.44473e+22 0)
(-6.13908e+23 2.83342e+23 0)
(-2.83342e+23 0 0)
(9.44473e+22 0 0)
(3.30566e+23 2.83342e+23 0)
(1.88895e+23 -4.72237e+22 0)
(-1.41671e+23 -9.44473e+22 0)
(-9.44473e+22 -9.44473e+22 0)
(1.41671e+23 -3.30566e+23 0)
(-3.77789e+23 -5.1946e+23 0)
(-9.44473e+23 -2.83342e+23 0)
(-4.72237e+23 -2.36118e+23 0)
(-4.72237e+22 -1.41671e+23 0)
(4.25013e+23 4.72237e+22 0)
(4.72237e+22 2.36118e+23 0)
(-2.83342e+23 -2.36118e+23 0)
(1.88895e+23 0 0)
(-1.88895e+23 1.88895e+23 0)
(-4.72237e+22 0 0)
(-1.88895e+23 9.44473e+22 0)
(-4.72237e+23 5.1946e+23 0)
(-5.1946e+23 6.13908e+23 0)
(-9.44473e+22 4.25013e+23 0)
(5.1946e+23 1.88895e+23 0)
(-4.72237e+22 -4.72237e+22 0)
(-3.77789e+23 -2.36118e+23 0)
(1.41671e+23 5.1946e+23 0)
(-1.41671e+23 6.61131e+23 0)
(9.44473e+22 9.91697e+23 0)
(0 5.1946e+23 0)
(-4.25013e+23 5.66684e+23 0)
(-4.72237e+23 7.08355e+23 0)
(-5.1946e+23 6.13908e+23 0)
(-4.72237e+22 3.77789e+23 0)
(-2.83342e+23 -4.72237e+22 0)
(-4.25013e+23 -4.25013e+23 0)
(2.36118e+23 6.13908e+23 0)
(1.88895e+23 7.55579e+23 0)
(-2.36118e+23 8.9725e+23 0)
(-4.25013e+23 4.72237e+23 0)
(-2.83342e+23 5.1946e+23 0)
(-4.72237e+23 5.1946e+23 0)
(-5.1946e+23 4.72237e+23 0)
(-1.88895e+23 3.30566e+23 0)
(-8.9725e+23 -3.30566e+23 0)
(-7.08355e+23 -5.66684e+23 0)
(3.30566e+23 5.1946e+23 0)
(2.83342e+23 3.77789e+23 0)
(-2.83342e+23 9.44473e+22 0)
(-5.1946e+23 3.77789e+23 0)
(-4.72237e+23 1.88895e+23 0)
(-4.25013e+23 -1.41671e+23 0)
(-5.66684e+23 2.36118e+23 0)
(-8.50026e+23 -9.44473e+22 0)
(-1.13337e+24 -7.55579e+23 0)
(-6.61131e+23 -2.36118e+23 0)
(9.44473e+22 2.83342e+23 0)
(-1.88895e+23 0 0)
(-2.36118e+23 -1.41671e+23 0)
(-3.30566e+23 4.72237e+22 0)
(-7.08355e+23 0 0)
(-4.72237e+23 -2.36118e+23 0)
(-5.1946e+23 0 0)
(-1.22782e+24 -1.41671e+23 0)
(-1.03892e+24 -4.72237e+23 0)
(-2.36118e+23 -4.72237e+22 0)
)
;

boundaryField
{
    left
    {
        type            calculated;
        value           nonuniform List<vector> 10((0 -4.25013e+23 0) (0 -7.55579e+23 0) (0 0 0) (0 5.1946e+23 0) (0 -9.44473e+22 0) (0 0 0) (0 5.1946e+23 0) (0 6.13908e+23 0) (0 5.1946e+23 0) (0 2.83342e+23 0));
    }
    right
    {
        type            calculated;
        value           nonuniform List<vector> 10((0 9.44473e+22 0) (0 1.41671e+23 0) (0 3.77789e+23 0) (0 -4.72237e+22 0) (0 -2.36118e+23 0) (0 -2.36118e+23 0) (0 -4.25013e+23 0) (0 -5.66684e+23 0) (0 -2.36118e+23 0) (0 -4.72237e+22 0));
    }
    top
    {
        type            calculated;
        value           nonuniform List<vector> 10((9.44473e+22 0 0) (-1.88895e+23 0 0) (-2.36118e+23 0 0) (-3.30566e+23 0 0) (-7.08355e+23 0 0) (-4.72237e+23 0 0) (-5.1946e+23 0 0) (-1.22782e+24 0 0) (-1.03892e+24 0 0) (-2.36118e+23 0 0));
    }
    bottom
    {
        type            calculated;
        value           nonuniform List<vector> 10((-4.25013e+23 0 0) (-9.44473e+23 0 0) (-1.88895e+23 0 0) (1.41671e+23 0 0) (-9.44473e+23 0 0) (-8.50026e+23 0 0) (9.44473e+22 0 0) (9.44473e+22 0 0) (2.36118e+23 0 0) (2.83342e+23 0 0));
    }
    defaultFaces
    {
        type            empty;
    }
}


// ************************************************************************* //
