/*--------------------------------*- C++ -*----------------------------------*\
| =========                 |                                                 |
| \\      /  F ield         | OpenFOAM: The Open Source CFD Toolbox           |
|  \\    /   O peration     | Version:  2406                                  |
|   \\  /    A nd           | Website:  www.openfoam.com                      |
|    \\/     M anipulation  |                                                 |
\*---------------------------------------------------------------------------*/
FoamFile
{
    version     2.0;
    format      ascii;
    arch        "LSB;label=32;scalar=64";
    class       volVectorField;
    location    "3.45";
    object      flux;
}
// * * * * * * * * * * * * * * * * * * * * * * * * * * * * * * * * * * * * * //

dimensions      [0 1 -1 1 0 0 0];

internalField   nonuniform List<vector> 
100
(
(-1.07288e-05 -1.43051e-05 0)
(-2.6226e-05 -7.15256e-06 0)
(-3.57628e-06 5.96046e-06 0)
(8.34465e-06 5.96046e-06 0)
(-1.90735e-05 -1.19209e-06 0)
(-1.66893e-05 -1.19209e-06 0)
(0 1.19209e-06 0)
(0 1.19209e-06 0)
(3.57628e-06 -3.57628e-06 0)
(5.96046e-06 -1.19209e-06 0)
(-4.76837e-06 -2.86102e-05 0)
(-4.76837e-06 -5.96046e-06 0)
(9.53674e-06 1.90735e-05 0)
(-2.38419e-06 1.78814e-05 0)
(-2.5034e-05 0 0)
(-1.43051e-05 -3.57628e-06 0)
(4.76837e-06 9.53674e-06 0)
(-4.76837e-06 5.96046e-06 0)
(0 5.96046e-06 0)
(5.96046e-06 0 0)
(1.19209e-05 -3.57628e-06 0)
(2.26498e-05 4.76837e-06 0)
(2.14577e-05 8.34465e-06 0)
(-1.07288e-05 5.96046e-06 0)
(-3.8147e-05 3.57628e-06 0)
(-1.07288e-05 1.19209e-05 0)
(9.53674e-06 2.38419e-06 0)
(-3.57628e-06 -5.96046e-06 0)
(-2.38419e-06 1.07288e-05 0)
(1.19209e-06 1.07288e-05 0)
(3.57628e-06 1.66893e-05 0)
(7.15256e-06 4.76837e-06 0)
(9.53674e-06 -5.96046e-06 0)
(-5.96046e-06 -1.66893e-05 0)
(-2.02656e-05 -9.53674e-06 0)
(-1.54972e-05 0 0)
(-1.19209e-05 -7.15256e-06 0)
(3.57628e-06 -9.53674e-06 0)
(1.3113e-05 2.38419e-06 0)
(8.34465e-06 -8.34465e-06 0)
(0 -2.38419e-06 0)
(-1.19209e-06 -4.76837e-06 0)
(2.38419e-06 -1.54972e-05 0)
(-1.3113e-05 -1.19209e-05 0)
(-2.26498e-05 -1.78814e-05 0)
(-7.15256e-06 -2.38419e-06 0)
(-1.19209e-06 -7.15256e-06 0)
(5.96046e-06 -4.76837e-06 0)
(-1.19209e-06 1.19209e-06 0)
(-9.53674e-06 -1.43051e-05 0)
(4.76837e-06 -2.38419e-06 0)
(-8.34465e-06 1.19209e-06 0)
(2.38419e-06 -3.57628e-06 0)
(-9.53674e-06 3.57628e-06 0)
(-1.07288e-05 1.19209e-05 0)
(-3.57628e-06 1.3113e-05 0)
(-1.3113e-05 5.96046e-06 0)
(1.19209e-05 3.57628e-06 0)
(3.57628e-06 0 0)
(-9.53674e-06 -3.57628e-06 0)
(2.38419e-06 1.90735e-05 0)
(-2.38419e-06 2.38419e-05 0)
(3.57628e-06 2.5034e-05 0)
(1.19209e-06 1.3113e-05 0)
(-1.19209e-05 2.98023e-05 0)
(-1.19209e-05 1.90735e-05 0)
(-1.19209e-05 1.54972e-05 0)
(0 1.3113e-05 0)
(-7.15256e-06 0 0)
(-1.3113e-05 -1.07288e-05 0)
(7.15256e-06 2.14577e-05 0)
(0 2.98023e-05 0)
(-5.96046e-06 3.21865e-05 0)
(-4.76837e-06 1.90735e-05 0)
(-5.96046e-06 1.90735e-05 0)
(-1.78814e-05 2.14577e-05 0)
(-1.90735e-05 1.43051e-05 0)
(-2.38419e-06 1.07288e-05 0)
(-2.14577e-05 -9.53674e-06 0)
(-1.90735e-05 -1.3113e-05 0)
(1.3113e-05 1.66893e-05 0)
(8.34465e-06 1.3113e-05 0)
(-1.07288e-05 1.3113e-05 0)
(-1.19209e-05 1.19209e-05 0)
(-9.53674e-06 5.96046e-06 0)
(-1.66893e-05 -2.38419e-06 0)
(-2.14577e-05 5.96046e-06 0)
(-2.38419e-05 -5.96046e-06 0)
(-3.09944e-05 -2.38419e-05 0)
(-1.78814e-05 -1.3113e-05 0)
(2.38419e-06 8.34465e-06 0)
(-4.76837e-06 -2.38419e-06 0)
(-3.57628e-06 -2.38419e-06 0)
(-1.07288e-05 4.76837e-06 0)
(-2.02656e-05 -1.19209e-06 0)
(-1.78814e-05 -5.96046e-06 0)
(-2.5034e-05 -2.38419e-06 0)
(-3.45707e-05 -8.34465e-06 0)
(-2.5034e-05 -1.43051e-05 0)
(-7.15256e-06 -2.38419e-06 0)
)
;

boundaryField
{
    left
    {
        type            calculated;
        value           nonuniform List<vector> 10((0 -1.43051e-05 0) (0 -2.86102e-05 0) (0 -3.57628e-06 0) (0 1.66893e-05 0) (0 -2.38419e-06 0) (0 -2.38419e-06 0) (0 1.90735e-05 0) (0 2.14577e-05 0) (0 1.66893e-05 0) (0 8.34465e-06 0));
    }
    right
    {
        type            calculated;
        value           nonuniform List<vector> 10((0 -1.19209e-06 0) (0 0 0) (0 1.07288e-05 0) (0 -8.34465e-06 0) (0 -1.43051e-05 0) (0 -3.57628e-06 0) (0 -1.07288e-05 0) (0 -1.3113e-05 0) (0 -1.3113e-05 0) (0 -2.38419e-06 0));
    }
    top
    {
        type            calculated;
        value           nonuniform List<vector> 10((2.38419e-06 0 0) (-4.76837e-06 0 0) (-3.57628e-06 0 0) (-1.07288e-05 0 0) (-2.02656e-05 0 0) (-1.78814e-05 0 0) (-2.5034e-05 0 0) (-3.45707e-05 0 0) (-2.5034e-05 0 0) (-7.15256e-06 0 0));
    }
    bottom
    {
        type            calculated;
        value           nonuniform List<vector> 10((-1.07288e-05 0 0) (-2.6226e-05 0 0) (-3.57628e-06 0 0) (8.34465e-06 0 0) (-1.90735e-05 0 0) (-1.66893e-05 0 0) (0 0 0) (0 0 0) (3.57628e-06 0 0) (5.96046e-06 0 0));
    }
    defaultFaces
    {
        type            empty;
    }
}


// ************************************************************************* //
