/*--------------------------------*- C++ -*----------------------------------*\
| =========                 |                                                 |
| \\      /  F ield         | OpenFOAM: The Open Source CFD Toolbox           |
|  \\    /   O peration     | Version:  2406                                  |
|   \\  /    A nd           | Website:  www.openfoam.com                      |
|    \\/     M anipulation  |                                                 |
\*---------------------------------------------------------------------------*/
FoamFile
{
    version     2.0;
    format      ascii;
    arch        "LSB;label=32;scalar=64";
    class       volVectorField;
    location    "6.3";
    object      flux;
}
// * * * * * * * * * * * * * * * * * * * * * * * * * * * * * * * * * * * * * //

dimensions      [0 1 -1 1 0 0 0];

internalField   nonuniform List<vector> 
100
(
(-5.24288e+07 -5.24288e+07 0)
(-1.15343e+08 -1.04858e+07 0)
(1.04858e+07 4.1943e+07 0)
(3.14573e+07 4.1943e+07 0)
(-1.36315e+08 3.67002e+07 0)
(-6.81574e+07 2.09715e+07 0)
(5.24288e+07 2.09715e+07 0)
(4.71859e+07 2.62144e+07 0)
(6.29146e+07 -5.24288e+06 0)
(4.71859e+07 5.24288e+06 0)
(-5.24288e+06 -1.20586e+08 0)
(-1.04858e+07 -5.24288e+06 0)
(5.76717e+07 1.25829e+08 0)
(2.62144e+07 8.38861e+07 0)
(-1.62529e+08 4.1943e+07 0)
(-8.38861e+07 4.1943e+07 0)
(5.76717e+07 5.24288e+07 0)
(2.09715e+07 4.1943e+07 0)
(4.1943e+07 4.1943e+07 0)
(5.24288e+07 -1.57286e+07 0)
(5.76717e+07 -1.57286e+07 0)
(1.31072e+08 2.09715e+07 0)
(9.96147e+07 8.38861e+07 0)
(-5.24288e+07 4.71859e+07 0)
(-1.78258e+08 2.62144e+07 0)
(-5.24288e+07 8.38861e+07 0)
(4.71859e+07 4.1943e+07 0)
(3.67002e+07 -1.57286e+07 0)
(1.04858e+07 4.1943e+07 0)
(-5.24288e+06 4.1943e+07 0)
(3.14573e+07 4.71859e+07 0)
(7.86432e+07 2.09715e+07 0)
(8.9129e+07 -4.1943e+07 0)
(-2.62144e+07 -3.67002e+07 0)
(-1.20586e+08 -2.62144e+07 0)
(-8.9129e+07 2.62144e+07 0)
(-3.14573e+07 -1.57286e+07 0)
(2.62144e+07 -2.62144e+07 0)
(9.43718e+07 5.24288e+06 0)
(5.24288e+07 -3.14573e+07 0)
(3.14573e+07 -5.24288e+06 0)
(4.71859e+07 -1.04858e+07 0)
(4.1943e+07 -9.43718e+07 0)
(-4.71859e+07 -8.38861e+07 0)
(-1.101e+08 -8.9129e+07 0)
(-3.67002e+07 -2.62144e+07 0)
(5.24288e+06 -4.1943e+07 0)
(4.71859e+07 0 0)
(0 3.14573e+07 0)
(-4.1943e+07 -8.9129e+07 0)
(3.14573e+07 5.24288e+07 0)
(-1.57286e+07 4.1943e+07 0)
(1.04858e+07 0 0)
(-1.57286e+07 -1.04858e+07 0)
(-6.81574e+07 3.67002e+07 0)
(-3.14573e+07 5.76717e+07 0)
(-2.09715e+07 3.14573e+07 0)
(1.101e+08 5.24288e+06 0)
(0 0 0)
(-7.34003e+07 -2.09715e+07 0)
(2.09715e+07 1.36315e+08 0)
(-5.24288e+06 1.41558e+08 0)
(-1.57286e+07 1.46801e+08 0)
(-1.04858e+07 7.86432e+07 0)
(-4.1943e+07 1.25829e+08 0)
(-4.71859e+07 1.101e+08 0)
(-4.1943e+07 9.96147e+07 0)
(2.09715e+07 5.76717e+07 0)
(-1.57286e+07 -2.09715e+07 0)
(-5.76717e+07 -3.67002e+07 0)
(3.67002e+07 1.25829e+08 0)
(0 1.62529e+08 0)
(-5.24288e+07 1.83501e+08 0)
(-3.67002e+07 9.96147e+07 0)
(-2.62144e+07 1.101e+08 0)
(-6.29146e+07 8.38861e+07 0)
(-7.86432e+07 7.86432e+07 0)
(-2.62144e+07 5.76717e+07 0)
(-9.43718e+07 -6.29146e+07 0)
(-9.43718e+07 -1.20586e+08 0)
(6.29146e+07 9.43718e+07 0)
(4.71859e+07 6.81574e+07 0)
(-6.81574e+07 5.76717e+07 0)
(-8.9129e+07 8.38861e+07 0)
(-6.29146e+07 3.14573e+07 0)
(-7.34003e+07 -1.57286e+07 0)
(-6.81574e+07 2.62144e+07 0)
(-1.15343e+08 -3.14573e+07 0)
(-1.93987e+08 -1.67772e+08 0)
(-1.15343e+08 -9.43718e+07 0)
(1.04858e+07 5.24288e+07 0)
(-3.67002e+07 5.24288e+06 0)
(-3.67002e+07 -2.62144e+07 0)
(-6.29146e+07 3.67002e+07 0)
(-1.20586e+08 -1.04858e+07 0)
(-6.29146e+07 -1.04858e+07 0)
(-9.43718e+07 0 0)
(-2.20201e+08 -4.1943e+07 0)
(-1.62529e+08 -9.96147e+07 0)
(-2.62144e+07 -1.57286e+07 0)
)
;

boundaryField
{
    left
    {
        type            calculated;
        value           nonuniform List<vector> 10((0 -5.24288e+07 0) (0 -1.20586e+08 0) (0 -1.57286e+07 0) (0 4.71859e+07 0) (0 -5.24288e+06 0) (0 5.24288e+07 0) (0 1.36315e+08 0) (0 1.25829e+08 0) (0 9.43718e+07 0) (0 5.24288e+07 0));
    }
    right
    {
        type            calculated;
        value           nonuniform List<vector> 10((0 5.24288e+06 0) (0 -1.57286e+07 0) (0 4.1943e+07 0) (0 -3.14573e+07 0) (0 -8.9129e+07 0) (0 -2.09715e+07 0) (0 -3.67002e+07 0) (0 -1.20586e+08 0) (0 -9.43718e+07 0) (0 -1.57286e+07 0));
    }
    top
    {
        type            calculated;
        value           nonuniform List<vector> 10((1.04858e+07 0 0) (-3.67002e+07 0 0) (-3.67002e+07 0 0) (-6.29146e+07 0 0) (-1.20586e+08 0 0) (-6.29146e+07 0 0) (-9.43718e+07 0 0) (-2.20201e+08 0 0) (-1.62529e+08 0 0) (-2.62144e+07 0 0));
    }
    bottom
    {
        type            calculated;
        value           nonuniform List<vector> 10((-5.24288e+07 0 0) (-1.15343e+08 0 0) (1.04858e+07 0 0) (3.14573e+07 0 0) (-1.36315e+08 0 0) (-6.81574e+07 0 0) (5.24288e+07 0 0) (4.71859e+07 0 0) (6.29146e+07 0 0) (4.71859e+07 0 0));
    }
    defaultFaces
    {
        type            empty;
    }
}


// ************************************************************************* //
