/*--------------------------------*- C++ -*----------------------------------*\
| =========                 |                                                 |
| \\      /  F ield         | OpenFOAM: The Open Source CFD Toolbox           |
|  \\    /   O peration     | Version:  2406                                  |
|   \\  /    A nd           | Website:  www.openfoam.com                      |
|    \\/     M anipulation  |                                                 |
\*---------------------------------------------------------------------------*/
FoamFile
{
    version     2.0;
    format      ascii;
    arch        "LSB;label=32;scalar=64";
    class       volVectorField;
    location    "2.95";
    object      flux;
}
// * * * * * * * * * * * * * * * * * * * * * * * * * * * * * * * * * * * * * //

dimensions      [0 1 -1 1 0 0 0];

internalField   nonuniform List<vector> 
100
(
(-6.51926e-08 -6.51926e-08 0)
(-1.21072e-07 0 0)
(3.72529e-08 3.72529e-08 0)
(4.65661e-08 5.58794e-08 0)
(-1.39698e-07 2.79397e-08 0)
(-1.39698e-07 -9.31323e-09 0)
(0 9.31323e-09 0)
(1.86265e-08 2.79397e-08 0)
(3.72529e-08 1.86265e-08 0)
(4.65661e-08 1.86265e-08 0)
(0 -1.11759e-07 0)
(-1.86265e-08 -9.31323e-09 0)
(9.31323e-08 1.11759e-07 0)
(2.79397e-08 1.11759e-07 0)
(-2.14204e-07 9.31323e-09 0)
(-1.39698e-07 1.86265e-08 0)
(5.58794e-08 6.51926e-08 0)
(0 5.58794e-08 0)
(2.79397e-08 8.3819e-08 0)
(5.58794e-08 3.72529e-08 0)
(2.79397e-08 2.79397e-08 0)
(1.02445e-07 2.79397e-08 0)
(1.58325e-07 8.3819e-08 0)
(-5.58794e-08 1.86265e-08 0)
(-2.32831e-07 9.31323e-09 0)
(-8.3819e-08 9.31323e-08 0)
(3.72529e-08 3.72529e-08 0)
(3.72529e-08 -1.86265e-08 0)
(9.31323e-09 5.58794e-08 0)
(0 4.65661e-08 0)
(1.86265e-08 6.51926e-08 0)
(5.58794e-08 5.58794e-08 0)
(7.45058e-08 -4.65661e-08 0)
(-5.58794e-08 -8.3819e-08 0)
(-1.30385e-07 -5.58794e-08 0)
(-1.11759e-07 1.86265e-08 0)
(-8.3819e-08 -4.65661e-08 0)
(2.79397e-08 -5.58794e-08 0)
(1.11759e-07 0 0)
(4.65661e-08 -5.58794e-08 0)
(0 -4.65661e-08 0)
(-1.86265e-08 -5.58794e-08 0)
(3.72529e-08 -9.31323e-08 0)
(-6.51926e-08 -9.31323e-08 0)
(-1.39698e-07 -8.3819e-08 0)
(-6.51926e-08 -4.65661e-08 0)
(-2.79397e-08 -3.72529e-08 0)
(7.45058e-08 1.86265e-08 0)
(0 9.31323e-09 0)
(-4.65661e-08 -9.31323e-08 0)
(9.31323e-09 -2.79397e-08 0)
(-9.31323e-09 0 0)
(2.79397e-08 0 0)
(-2.79397e-08 9.31323e-09 0)
(-7.45058e-08 8.3819e-08 0)
(-7.45058e-08 9.31323e-08 0)
(-3.72529e-08 6.51926e-08 0)
(1.02445e-07 1.86265e-08 0)
(-9.31323e-09 -1.86265e-08 0)
(-7.45058e-08 -2.79397e-08 0)
(3.72529e-08 9.31323e-08 0)
(1.86265e-08 1.30385e-07 0)
(3.72529e-08 1.39698e-07 0)
(9.31323e-09 6.51926e-08 0)
(-5.58794e-08 1.21072e-07 0)
(-6.51926e-08 1.02445e-07 0)
(-6.51926e-08 1.11759e-07 0)
(-2.79397e-08 1.02445e-07 0)
(-5.58794e-08 0 0)
(-6.51926e-08 -3.72529e-08 0)
(3.72529e-08 1.39698e-07 0)
(4.65661e-08 1.39698e-07 0)
(-3.72529e-08 1.86265e-07 0)
(-5.58794e-08 8.3819e-08 0)
(-3.72529e-08 6.51926e-08 0)
(-8.3819e-08 7.45058e-08 0)
(-5.58794e-08 7.45058e-08 0)
(-2.79397e-08 4.65661e-08 0)
(-1.21072e-07 -3.72529e-08 0)
(-1.02445e-07 -1.02445e-07 0)
(6.51926e-08 8.3819e-08 0)
(5.58794e-08 7.45058e-08 0)
(-3.72529e-08 4.65661e-08 0)
(-9.31323e-08 8.3819e-08 0)
(-7.45058e-08 3.72529e-08 0)
(-6.51926e-08 -1.86265e-08 0)
(-8.3819e-08 4.65661e-08 0)
(-1.49012e-07 -3.72529e-08 0)
(-1.86265e-07 -1.76951e-07 0)
(-1.21072e-07 -8.3819e-08 0)
(1.86265e-08 3.72529e-08 0)
(0 0 0)
(-9.31323e-09 -2.79397e-08 0)
(-7.45058e-08 1.86265e-08 0)
(-1.30385e-07 0 0)
(-6.51926e-08 -3.72529e-08 0)
(-8.3819e-08 -1.86265e-08 0)
(-2.42144e-07 -3.72529e-08 0)
(-1.76951e-07 -1.02445e-07 0)
(-2.79397e-08 -1.86265e-08 0)
)
;

boundaryField
{
    left
    {
        type            calculated;
        value           nonuniform List<vector> 10((0 -6.51926e-08 0) (0 -1.11759e-07 0) (0 2.79397e-08 0) (0 6.51926e-08 0) (0 -4.65661e-08 0) (0 -2.79397e-08 0) (0 9.31323e-08 0) (0 1.39698e-07 0) (0 8.3819e-08 0) (0 3.72529e-08 0));
    }
    right
    {
        type            calculated;
        value           nonuniform List<vector> 10((0 1.86265e-08 0) (0 3.72529e-08 0) (0 4.65661e-08 0) (0 -5.58794e-08 0) (0 -9.31323e-08 0) (0 -2.79397e-08 0) (0 -3.72529e-08 0) (0 -1.02445e-07 0) (0 -8.3819e-08 0) (0 -1.86265e-08 0));
    }
    top
    {
        type            calculated;
        value           nonuniform List<vector> 10((1.86265e-08 0 0) (0 0 0) (-9.31323e-09 0 0) (-7.45058e-08 0 0) (-1.30385e-07 0 0) (-6.51926e-08 0 0) (-8.3819e-08 0 0) (-2.42144e-07 0 0) (-1.76951e-07 0 0) (-2.79397e-08 0 0));
    }
    bottom
    {
        type            calculated;
        value           nonuniform List<vector> 10((-6.51926e-08 0 0) (-1.21072e-07 0 0) (3.72529e-08 0 0) (4.65661e-08 0 0) (-1.39698e-07 0 0) (-1.39698e-07 0 0) (0 0 0) (1.86265e-08 0 0) (3.72529e-08 0 0) (4.65661e-08 0 0));
    }
    defaultFaces
    {
        type            empty;
    }
}


// ************************************************************************* //
