/*--------------------------------*- C++ -*----------------------------------*\
| =========                 |                                                 |
| \\      /  F ield         | OpenFOAM: The Open Source CFD Toolbox           |
|  \\    /   O peration     | Version:  2406                                  |
|   \\  /    A nd           | Website:  www.openfoam.com                      |
|    \\/     M anipulation  |                                                 |
\*---------------------------------------------------------------------------*/
FoamFile
{
    version     2.0;
    format      ascii;
    arch        "LSB;label=32;scalar=64";
    class       volVectorField;
    location    "2.4";
    object      flux;
}
// * * * * * * * * * * * * * * * * * * * * * * * * * * * * * * * * * * * * * //

dimensions      [0 1 -1 1 0 0 0];

internalField   nonuniform List<vector> 
100
(
(-2.54659e-10 -2.54659e-10 0)
(-5.09317e-10 -1.09139e-10 0)
(-7.27596e-11 1.09139e-10 0)
(1.45519e-10 1.81899e-10 0)
(-4.72937e-10 7.27596e-11 0)
(-4.00178e-10 -3.63798e-11 0)
(1.09139e-10 0 0)
(3.63798e-11 0 0)
(1.45519e-10 -3.63798e-11 0)
(1.45519e-10 0 0)
(-1.09139e-10 -5.45697e-10 0)
(-1.81899e-10 -1.45519e-10 0)
(2.54659e-10 3.63798e-10 0)
(7.27596e-11 5.09317e-10 0)
(-7.27596e-10 7.27596e-11 0)
(-4.36557e-10 7.27596e-11 0)
(1.81899e-10 1.81899e-10 0)
(0 7.27596e-11 0)
(7.27596e-11 1.81899e-10 0)
(1.81899e-10 3.63798e-11 0)
(1.81899e-10 -1.09139e-10 0)
(4.00178e-10 1.09139e-10 0)
(5.45697e-10 1.81899e-10 0)
(-1.09139e-10 1.81899e-10 0)
(-8.73115e-10 1.09139e-10 0)
(-3.27418e-10 4.00178e-10 0)
(1.09139e-10 1.81899e-10 0)
(7.27596e-11 0 0)
(3.63798e-11 2.54659e-10 0)
(3.63798e-11 2.18279e-10 0)
(7.27596e-11 3.27418e-10 0)
(1.45519e-10 1.09139e-10 0)
(3.27418e-10 -1.09139e-10 0)
(-7.27596e-11 -3.63798e-10 0)
(-5.09317e-10 -2.18279e-10 0)
(-3.63798e-10 7.27596e-11 0)
(-2.18279e-10 -7.27596e-11 0)
(1.09139e-10 -1.45519e-10 0)
(3.27418e-10 1.09139e-10 0)
(1.45519e-10 -1.09139e-10 0)
(0 -1.09139e-10 0)
(-3.63798e-11 -1.45519e-10 0)
(1.09139e-10 -3.63798e-10 0)
(-2.18279e-10 -4.36557e-10 0)
(-4.00178e-10 -3.63798e-10 0)
(-1.81899e-10 -1.09139e-10 0)
(-7.27596e-11 -2.54659e-10 0)
(1.81899e-10 0 0)
(7.27596e-11 3.63798e-11 0)
(-1.81899e-10 -3.27418e-10 0)
(3.63798e-11 -7.27596e-11 0)
(-1.45519e-10 3.63798e-11 0)
(7.27596e-11 -7.27596e-11 0)
(-7.27596e-11 -7.27596e-11 0)
(-1.81899e-10 1.81899e-10 0)
(-2.91038e-10 2.18279e-10 0)
(-1.09139e-10 2.54659e-10 0)
(4.00178e-10 1.45519e-10 0)
(0 -3.63798e-11 0)
(-2.54659e-10 -1.45519e-10 0)
(7.27596e-11 4.36557e-10 0)
(-3.63798e-11 5.09317e-10 0)
(0 6.18456e-10 0)
(3.63798e-11 2.54659e-10 0)
(-1.45519e-10 4.00178e-10 0)
(-1.09139e-10 4.00178e-10 0)
(-7.27596e-11 5.09317e-10 0)
(-7.27596e-11 3.27418e-10 0)
(-2.18279e-10 0 0)
(-2.54659e-10 -1.09139e-10 0)
(1.09139e-10 4.36557e-10 0)
(7.27596e-11 6.18456e-10 0)
(-2.18279e-10 6.91216e-10 0)
(-2.54659e-10 3.63798e-10 0)
(-3.63798e-11 3.27418e-10 0)
(-1.45519e-10 2.91038e-10 0)
(-2.18279e-10 2.18279e-10 0)
(-1.09139e-10 2.54659e-10 0)
(-4.72937e-10 -1.09139e-10 0)
(-3.63798e-10 -3.27418e-10 0)
(2.54659e-10 2.91038e-10 0)
(1.81899e-10 2.18279e-10 0)
(-2.18279e-10 1.09139e-10 0)
(-3.63798e-10 3.63798e-10 0)
(-1.81899e-10 7.27596e-11 0)
(-2.18279e-10 -1.09139e-10 0)
(-1.81899e-10 7.27596e-11 0)
(-4.00178e-10 -1.45519e-10 0)
(-7.63976e-10 -5.45697e-10 0)
(-4.72937e-10 -3.63798e-10 0)
(3.63798e-11 1.81899e-10 0)
(-1.09139e-10 -3.63798e-11 0)
(-1.09139e-10 -1.09139e-10 0)
(-2.91038e-10 1.45519e-10 0)
(-5.09317e-10 -1.09139e-10 0)
(-1.45519e-10 -1.81899e-10 0)
(-2.54659e-10 -3.63798e-11 0)
(-7.27596e-10 -2.18279e-10 0)
(-6.54836e-10 -4.00178e-10 0)
(-1.81899e-10 -7.27596e-11 0)
)
;

boundaryField
{
    left
    {
        type            calculated;
        value           nonuniform List<vector> 10((0 -2.54659e-10 0) (0 -5.45697e-10 0) (0 -1.09139e-10 0) (0 3.27418e-10 0) (0 -1.09139e-10 0) (0 -7.27596e-11 0) (0 4.36557e-10 0) (0 4.36557e-10 0) (0 2.91038e-10 0) (0 1.81899e-10 0));
    }
    right
    {
        type            calculated;
        value           nonuniform List<vector> 10((0 0 0) (0 3.63798e-11 0) (0 2.18279e-10 0) (0 -1.09139e-10 0) (0 -3.27418e-10 0) (0 -1.45519e-10 0) (0 -1.09139e-10 0) (0 -3.27418e-10 0) (0 -3.63798e-10 0) (0 -7.27596e-11 0));
    }
    top
    {
        type            calculated;
        value           nonuniform List<vector> 10((3.63798e-11 0 0) (-1.09139e-10 0 0) (-1.09139e-10 0 0) (-2.91038e-10 0 0) (-5.09317e-10 0 0) (-1.45519e-10 0 0) (-2.54659e-10 0 0) (-7.27596e-10 0 0) (-6.54836e-10 0 0) (-1.81899e-10 0 0));
    }
    bottom
    {
        type            calculated;
        value           nonuniform List<vector> 10((-2.54659e-10 0 0) (-5.09317e-10 0 0) (-7.27596e-11 0 0) (1.45519e-10 0 0) (-4.72937e-10 0 0) (-4.00178e-10 0 0) (1.09139e-10 0 0) (3.63798e-11 0 0) (1.45519e-10 0 0) (1.45519e-10 0 0));
    }
    defaultFaces
    {
        type            empty;
    }
}


// ************************************************************************* //
