/*--------------------------------*- C++ -*----------------------------------*\
| =========                 |                                                 |
| \\      /  F ield         | OpenFOAM: The Open Source CFD Toolbox           |
|  \\    /   O peration     | Version:  2406                                  |
|   \\  /    A nd           | Website:  www.openfoam.com                      |
|    \\/     M anipulation  |                                                 |
\*---------------------------------------------------------------------------*/
FoamFile
{
    version     2.0;
    format      ascii;
    arch        "LSB;label=32;scalar=64";
    class       volVectorField;
    location    "1.1";
    object      flux;
}
// * * * * * * * * * * * * * * * * * * * * * * * * * * * * * * * * * * * * * //

dimensions      [0 1 -1 1 0 0 0];

internalField   nonuniform List<vector> 
100
(
(-4.85723e-16 -4.85723e-16 0)
(-9.71445e-16 -6.93889e-17 0)
(-1.38778e-16 2.08167e-16 0)
(1.38778e-16 3.46945e-16 0)
(-9.02056e-16 0 0)
(-4.85723e-16 -6.93889e-17 0)
(4.16334e-16 0 0)
(4.85723e-16 0 0)
(4.16334e-16 -6.93889e-17 0)
(3.46945e-16 -6.93889e-17 0)
(-6.93889e-17 -9.71445e-16 0)
(-2.77556e-16 -1.38778e-16 0)
(2.77556e-16 6.245e-16 0)
(0 6.245e-16 0)
(-1.31839e-15 1.38778e-16 0)
(-5.55112e-16 3.46945e-16 0)
(4.85723e-16 2.08167e-16 0)
(4.16334e-16 0 0)
(3.46945e-16 3.46945e-16 0)
(3.46945e-16 0 0)
(2.77556e-16 -6.93889e-17 0)
(5.55112e-16 0 0)
(7.63278e-16 2.08167e-16 0)
(-3.46945e-16 1.38778e-16 0)
(-1.249e-15 2.08167e-16 0)
(-4.85723e-16 4.85723e-16 0)
(2.77556e-16 2.77556e-16 0)
(5.55112e-16 0 0)
(2.77556e-16 3.46945e-16 0)
(0 2.08167e-16 0)
(0 4.16334e-16 0)
(6.93889e-17 6.93889e-17 0)
(3.46945e-16 -2.08167e-16 0)
(-6.93889e-17 -4.85723e-16 0)
(-8.32667e-16 -2.08167e-16 0)
(-5.55112e-16 1.38778e-16 0)
(-6.93889e-17 -3.46945e-16 0)
(4.85723e-16 -2.08167e-16 0)
(6.245e-16 0 0)
(2.77556e-16 -2.08167e-16 0)
(0 -3.46945e-16 0)
(-1.38778e-16 -2.08167e-16 0)
(1.38778e-16 -4.85723e-16 0)
(-2.08167e-16 -6.245e-16 0)
(-6.93889e-16 -4.16334e-16 0)
(-5.55112e-16 -2.08167e-16 0)
(-6.93889e-17 -4.16334e-16 0)
(9.02056e-16 -6.93889e-17 0)
(2.77556e-16 6.93889e-17 0)
(-2.77556e-16 -5.55112e-16 0)
(2.08167e-16 -2.08167e-16 0)
(-6.93889e-17 0 0)
(-6.93889e-17 -6.93889e-17 0)
(0 0 0)
(-3.46945e-16 2.77556e-16 0)
(-6.245e-16 5.55112e-16 0)
(0 5.55112e-16 0)
(9.71445e-16 2.77556e-16 0)
(2.08167e-16 -1.38778e-16 0)
(-3.46945e-16 -2.77556e-16 0)
(2.08167e-16 3.46945e-16 0)
(1.38778e-16 4.16334e-16 0)
(0 5.55112e-16 0)
(1.38778e-16 2.77556e-16 0)
(-1.38778e-16 6.245e-16 0)
(-2.08167e-16 6.93889e-16 0)
(-2.77556e-16 8.32667e-16 0)
(2.08167e-16 6.93889e-16 0)
(-2.77556e-16 6.93889e-17 0)
(-4.16334e-16 -2.77556e-16 0)
(2.08167e-16 3.46945e-16 0)
(6.93889e-17 5.55112e-16 0)
(-1.38778e-16 5.55112e-16 0)
(0 2.08167e-16 0)
(0 2.08167e-16 0)
(-2.77556e-16 2.08167e-16 0)
(0 4.85723e-16 0)
(6.93889e-17 3.46945e-16 0)
(-7.63278e-16 -2.77556e-16 0)
(-7.63278e-16 -7.63278e-16 0)
(5.55112e-16 4.16334e-16 0)
(2.08167e-16 2.77556e-16 0)
(-2.08167e-16 1.38778e-16 0)
(-2.77556e-16 2.77556e-16 0)
(-1.38778e-16 0 0)
(-6.93889e-17 -1.38778e-16 0)
(-6.93889e-17 2.08167e-16 0)
(-5.55112e-16 -2.77556e-16 0)
(-1.249e-15 -1.04083e-15 0)
(-8.32667e-16 -4.16334e-16 0)
(6.93889e-17 2.77556e-16 0)
(-2.08167e-16 -1.38778e-16 0)
(-1.38778e-16 -2.08167e-16 0)
(-1.38778e-16 0 0)
(-3.46945e-16 -1.38778e-16 0)
(-6.93889e-17 -2.77556e-16 0)
(-1.38778e-16 -6.93889e-17 0)
(-1.11022e-15 -2.77556e-16 0)
(-9.71445e-16 -6.245e-16 0)
(-2.08167e-16 0 0)
)
;

boundaryField
{
    left
    {
        type            calculated;
        value           nonuniform List<vector> 10((0 -4.85723e-16 0) (0 -9.71445e-16 0) (0 -6.93889e-17 0) (0 4.16334e-16 0) (0 -3.46945e-16 0) (0 -2.08167e-16 0) (0 3.46945e-16 0) (0 3.46945e-16 0) (0 4.16334e-16 0) (0 2.77556e-16 0));
    }
    right
    {
        type            calculated;
        value           nonuniform List<vector> 10((0 -6.93889e-17 0) (0 0 0) (0 2.08167e-16 0) (0 -2.08167e-16 0) (0 -5.55112e-16 0) (0 -2.77556e-16 0) (0 -2.77556e-16 0) (0 -7.63278e-16 0) (0 -4.16334e-16 0) (0 0 0));
    }
    top
    {
        type            calculated;
        value           nonuniform List<vector> 10((6.93889e-17 0 0) (-2.08167e-16 0 0) (-1.38778e-16 0 0) (-1.38778e-16 0 0) (-3.46945e-16 0 0) (-6.93889e-17 0 0) (-1.38778e-16 0 0) (-1.11022e-15 0 0) (-9.71445e-16 0 0) (-2.08167e-16 0 0));
    }
    bottom
    {
        type            calculated;
        value           nonuniform List<vector> 10((-4.85723e-16 0 0) (-9.71445e-16 0 0) (-1.38778e-16 0 0) (1.38778e-16 0 0) (-9.02056e-16 0 0) (-4.85723e-16 0 0) (4.16334e-16 0 0) (4.85723e-16 0 0) (4.16334e-16 0 0) (3.46945e-16 0 0));
    }
    defaultFaces
    {
        type            empty;
    }
}


// ************************************************************************* //
