/*--------------------------------*- C++ -*----------------------------------*\
| =========                 |                                                 |
| \\      /  F ield         | OpenFOAM: The Open Source CFD Toolbox           |
|  \\    /   O peration     | Version:  2406                                  |
|   \\  /    A nd           | Website:  www.openfoam.com                      |
|    \\/     M anipulation  |                                                 |
\*---------------------------------------------------------------------------*/
FoamFile
{
    version     2.0;
    format      ascii;
    arch        "LSB;label=32;scalar=64";
    class       volVectorField;
    location    "6.1";
    object      flux;
}
// * * * * * * * * * * * * * * * * * * * * * * * * * * * * * * * * * * * * * //

dimensions      [0 1 -1 1 0 0 0];

internalField   nonuniform List<vector> 
100
(
(-6.5536e+06 -6.5536e+06 0)
(-1.57286e+07 -1.31072e+06 0)
(1.31072e+06 1.31072e+06 0)
(2.62144e+06 6.5536e+06 0)
(-2.22822e+07 2.62144e+06 0)
(-1.17965e+07 2.62144e+06 0)
(7.86432e+06 2.62144e+06 0)
(9.17504e+06 3.93216e+06 0)
(9.17504e+06 1.31072e+06 0)
(5.24288e+06 0 0)
(0 -1.70394e+07 0)
(-5.24288e+06 -3.93216e+06 0)
(7.86432e+06 1.04858e+07 0)
(3.93216e+06 1.04858e+07 0)
(-2.62144e+07 3.93216e+06 0)
(-1.31072e+07 5.24288e+06 0)
(1.04858e+07 1.04858e+07 0)
(6.5536e+06 6.5536e+06 0)
(6.5536e+06 5.24288e+06 0)
(5.24288e+06 -2.62144e+06 0)
(5.24288e+06 0 0)
(1.04858e+07 1.31072e+06 0)
(1.70394e+07 9.17504e+06 0)
(-3.93216e+06 2.62144e+06 0)
(-2.62144e+07 5.24288e+06 0)
(-6.5536e+06 1.31072e+07 0)
(9.17504e+06 9.17504e+06 0)
(2.62144e+06 2.62144e+06 0)
(0 6.5536e+06 0)
(0 6.5536e+06 0)
(0 7.86432e+06 0)
(3.93216e+06 2.62144e+06 0)
(1.04858e+07 -2.62144e+06 0)
(-1.31072e+06 -6.5536e+06 0)
(-1.57286e+07 -2.62144e+06 0)
(-7.86432e+06 7.86432e+06 0)
(0 -1.31072e+06 0)
(3.93216e+06 -3.93216e+06 0)
(9.17504e+06 0 0)
(5.24288e+06 -3.93216e+06 0)
(-1.31072e+06 -2.62144e+06 0)
(1.31072e+06 -1.31072e+06 0)
(6.5536e+06 -7.86432e+06 0)
(-2.62144e+06 -1.04858e+07 0)
(-1.31072e+07 -9.17504e+06 0)
(-6.5536e+06 1.31072e+06 0)
(-1.31072e+06 -6.5536e+06 0)
(5.24288e+06 -2.62144e+06 0)
(0 0 0)
(-5.24288e+06 -9.17504e+06 0)
(2.62144e+06 2.62144e+06 0)
(-1.31072e+06 5.24288e+06 0)
(2.62144e+06 0 0)
(-2.62144e+06 -2.62144e+06 0)
(-3.93216e+06 3.93216e+06 0)
(-6.5536e+06 6.5536e+06 0)
(-5.24288e+06 3.93216e+06 0)
(1.17965e+07 1.31072e+06 0)
(2.62144e+06 0 0)
(-5.24288e+06 -2.62144e+06 0)
(2.62144e+06 1.83501e+07 0)
(-2.62144e+06 2.09715e+07 0)
(-3.93216e+06 1.96608e+07 0)
(0 7.86432e+06 0)
(-2.62144e+06 1.17965e+07 0)
(-3.93216e+06 1.04858e+07 0)
(-5.24288e+06 1.44179e+07 0)
(0 7.86432e+06 0)
(-5.24288e+06 0 0)
(-7.86432e+06 -1.04858e+07 0)
(2.62144e+06 1.44179e+07 0)
(0 1.83501e+07 0)
(-9.17504e+06 2.3593e+07 0)
(-7.86432e+06 1.70394e+07 0)
(-2.62144e+06 1.17965e+07 0)
(-5.24288e+06 9.17504e+06 0)
(-9.17504e+06 9.17504e+06 0)
(-2.62144e+06 5.24288e+06 0)
(-1.44179e+07 -6.5536e+06 0)
(-1.57286e+07 -1.44179e+07 0)
(9.17504e+06 9.17504e+06 0)
(7.86432e+06 7.86432e+06 0)
(-5.24288e+06 9.17504e+06 0)
(-1.44179e+07 1.17965e+07 0)
(-1.04858e+07 5.24288e+06 0)
(-6.5536e+06 -6.5536e+06 0)
(-9.17504e+06 1.31072e+06 0)
(-1.57286e+07 -3.93216e+06 0)
(-2.3593e+07 -1.96608e+07 0)
(-1.57286e+07 -9.17504e+06 0)
(0 9.17504e+06 0)
(-1.31072e+06 0 0)
(-2.62144e+06 -2.62144e+06 0)
(-1.17965e+07 5.24288e+06 0)
(-2.09715e+07 0 0)
(-9.17504e+06 -5.24288e+06 0)
(-6.5536e+06 -2.62144e+06 0)
(-2.3593e+07 -3.93216e+06 0)
(-1.96608e+07 -9.17504e+06 0)
(-5.24288e+06 0 0)
)
;

boundaryField
{
    left
    {
        type            calculated;
        value           nonuniform List<vector> 10((0 -6.5536e+06 0) (0 -1.70394e+07 0) (0 0 0) (0 7.86432e+06 0) (0 -2.62144e+06 0) (0 2.62144e+06 0) (0 1.83501e+07 0) (0 1.44179e+07 0) (0 9.17504e+06 0) (0 9.17504e+06 0));
    }
    right
    {
        type            calculated;
        value           nonuniform List<vector> 10((0 0 0) (0 -2.62144e+06 0) (0 6.5536e+06 0) (0 -3.93216e+06 0) (0 -9.17504e+06 0) (0 -2.62144e+06 0) (0 -1.04858e+07 0) (0 -1.44179e+07 0) (0 -9.17504e+06 0) (0 0 0));
    }
    top
    {
        type            calculated;
        value           nonuniform List<vector> 10((0 0 0) (-1.31072e+06 0 0) (-2.62144e+06 0 0) (-1.17965e+07 0 0) (-2.09715e+07 0 0) (-9.17504e+06 0 0) (-6.5536e+06 0 0) (-2.3593e+07 0 0) (-1.96608e+07 0 0) (-5.24288e+06 0 0));
    }
    bottom
    {
        type            calculated;
        value           nonuniform List<vector> 10((-6.5536e+06 0 0) (-1.57286e+07 0 0) (1.31072e+06 0 0) (2.62144e+06 0 0) (-2.22822e+07 0 0) (-1.17965e+07 0 0) (7.86432e+06 0 0) (9.17504e+06 0 0) (9.17504e+06 0 0) (5.24288e+06 0 0));
    }
    defaultFaces
    {
        type            empty;
    }
}


// ************************************************************************* //
