/*--------------------------------*- C++ -*----------------------------------*\
| =========                 |                                                 |
| \\      /  F ield         | OpenFOAM: The Open Source CFD Toolbox           |
|  \\    /   O peration     | Version:  2406                                  |
|   \\  /    A nd           | Website:  www.openfoam.com                      |
|    \\/     M anipulation  |                                                 |
\*---------------------------------------------------------------------------*/
FoamFile
{
    version     2.0;
    format      ascii;
    arch        "LSB;label=32;scalar=64";
    class       volVectorField;
    location    "8.85";
    object      flux;
}
// * * * * * * * * * * * * * * * * * * * * * * * * * * * * * * * * * * * * * //

dimensions      [0 1 -1 1 0 0 0];

internalField   nonuniform List<vector> 
100
(
(-1.29704e+19 -1.58527e+19 0)
(-3.02642e+19 -7.20576e+18 0)
(-8.64691e+18 5.76461e+18 0)
(1.44115e+18 1.44115e+19 0)
(-3.02642e+19 7.20576e+18 0)
(-1.72938e+19 -1.44115e+18 0)
(2.8823e+18 1.44115e+18 0)
(2.8823e+18 5.76461e+18 0)
(4.32346e+18 2.8823e+18 0)
(5.76461e+18 4.32346e+18 0)
(-4.32346e+18 -3.02642e+19 0)
(-8.64691e+18 -1.00881e+19 0)
(1.29704e+19 2.16173e+19 0)
(1.44115e+18 2.59407e+19 0)
(-4.46757e+19 7.20576e+18 0)
(-2.30584e+19 8.64691e+18 0)
(1.29704e+19 1.15292e+19 0)
(1.44115e+18 1.00881e+19 0)
(2.8823e+18 1.44115e+19 0)
(8.64691e+18 8.64691e+18 0)
(8.64691e+18 -2.8823e+18 0)
(2.01761e+19 2.8823e+18 0)
(2.73819e+19 1.58527e+19 0)
(-1.29704e+19 7.20576e+18 0)
(-4.32346e+19 7.20576e+18 0)
(-1.72938e+19 2.01761e+19 0)
(4.32346e+18 1.44115e+19 0)
(5.76461e+18 1.44115e+18 0)
(2.8823e+18 1.72938e+19 0)
(0 1.00881e+19 0)
(0 1.72938e+19 0)
(8.64691e+18 8.64691e+18 0)
(1.72938e+19 -8.64691e+18 0)
(-7.20576e+18 -1.29704e+19 0)
(-3.02642e+19 -2.8823e+18 0)
(-1.8735e+19 5.76461e+18 0)
(-5.76461e+18 -2.8823e+18 0)
(8.64691e+18 2.8823e+18 0)
(1.00881e+19 8.64691e+18 0)
(2.8823e+18 -5.76461e+18 0)
(2.8823e+18 -5.76461e+18 0)
(-4.32346e+18 -1.44115e+18 0)
(1.00881e+19 -1.44115e+19 0)
(-1.00881e+19 -1.44115e+19 0)
(-2.73819e+19 -1.44115e+19 0)
(-1.72938e+19 -1.44115e+18 0)
(2.8823e+18 -1.15292e+19 0)
(1.58527e+19 -1.44115e+18 0)
(-5.76461e+18 0 0)
(-1.29704e+19 -1.00881e+19 0)
(2.8823e+18 2.8823e+18 0)
(-2.8823e+18 5.76461e+18 0)
(2.8823e+18 2.8823e+18 0)
(-5.76461e+18 0 0)
(-1.58527e+19 1.00881e+19 0)
(-1.58527e+19 1.8735e+19 0)
(-7.20576e+18 1.44115e+19 0)
(2.30584e+19 4.32346e+18 0)
(1.44115e+18 -2.8823e+18 0)
(-1.15292e+19 -4.32346e+18 0)
(4.32346e+18 2.8823e+19 0)
(0 2.8823e+19 0)
(1.44115e+18 3.60288e+19 0)
(-1.44115e+18 1.8735e+19 0)
(-1.15292e+19 2.44996e+19 0)
(-1.15292e+19 1.72938e+19 0)
(-1.00881e+19 2.30584e+19 0)
(-4.32346e+18 1.44115e+19 0)
(-1.15292e+19 1.44115e+18 0)
(-1.29704e+19 -1.00881e+19 0)
(5.76461e+18 2.8823e+19 0)
(2.8823e+18 4.03523e+19 0)
(-7.20576e+18 4.03523e+19 0)
(-1.58527e+19 2.44996e+19 0)
(-1.72938e+19 1.8735e+19 0)
(-1.44115e+19 1.72938e+19 0)
(-1.15292e+19 1.72938e+19 0)
(-1.44115e+18 1.29704e+19 0)
(-2.59407e+19 -8.64691e+18 0)
(-2.59407e+19 -2.30584e+19 0)
(1.44115e+19 2.01761e+19 0)
(1.15292e+19 1.8735e+19 0)
(-1.29704e+19 1.29704e+19 0)
(-2.44996e+19 1.8735e+19 0)
(-2.16173e+19 1.29704e+19 0)
(-1.15292e+19 1.44115e+18 0)
(-1.44115e+19 1.15292e+19 0)
(-2.8823e+19 -1.00881e+19 0)
(-4.46757e+19 -3.31465e+19 0)
(-2.59407e+19 -1.8735e+19 0)
(4.32346e+18 1.00881e+19 0)
(-4.32346e+18 -1.44115e+18 0)
(-7.20576e+18 -5.76461e+18 0)
(-1.72938e+19 5.76461e+18 0)
(-3.02642e+19 1.44115e+18 0)
(-1.8735e+19 -7.20576e+18 0)
(-2.01761e+19 -2.8823e+18 0)
(-4.61169e+19 -1.29704e+19 0)
(-3.60288e+19 -1.72938e+19 0)
(-1.15292e+19 -4.32346e+18 0)
)
;

boundaryField
{
    left
    {
        type            calculated;
        value           nonuniform List<vector> 10((0 -1.58527e+19 0) (0 -3.02642e+19 0) (0 -2.8823e+18 0) (0 1.72938e+19 0) (0 -5.76461e+18 0) (0 2.8823e+18 0) (0 2.8823e+19 0) (0 2.8823e+19 0) (0 2.01761e+19 0) (0 1.00881e+19 0));
    }
    right
    {
        type            calculated;
        value           nonuniform List<vector> 10((0 4.32346e+18 0) (0 8.64691e+18 0) (0 1.00881e+19 0) (0 -5.76461e+18 0) (0 -1.00881e+19 0) (0 -4.32346e+18 0) (0 -1.00881e+19 0) (0 -2.30584e+19 0) (0 -1.8735e+19 0) (0 -4.32346e+18 0));
    }
    top
    {
        type            calculated;
        value           nonuniform List<vector> 10((4.32346e+18 0 0) (-4.32346e+18 0 0) (-7.20576e+18 0 0) (-1.72938e+19 0 0) (-3.02642e+19 0 0) (-1.8735e+19 0 0) (-2.01761e+19 0 0) (-4.61169e+19 0 0) (-3.60288e+19 0 0) (-1.15292e+19 0 0));
    }
    bottom
    {
        type            calculated;
        value           nonuniform List<vector> 10((-1.29704e+19 0 0) (-3.02642e+19 0 0) (-8.64691e+18 0 0) (1.44115e+18 0 0) (-3.02642e+19 0 0) (-1.72938e+19 0 0) (2.8823e+18 0 0) (2.8823e+18 0 0) (4.32346e+18 0 0) (5.76461e+18 0 0));
    }
    defaultFaces
    {
        type            empty;
    }
}


// ************************************************************************* //
