/*--------------------------------*- C++ -*----------------------------------*\
| =========                 |                                                 |
| \\      /  F ield         | OpenFOAM: The Open Source CFD Toolbox           |
|  \\    /   O peration     | Version:  2406                                  |
|   \\  /    A nd           | Website:  www.openfoam.com                      |
|    \\/     M anipulation  |                                                 |
\*---------------------------------------------------------------------------*/
FoamFile
{
    version     2.0;
    format      ascii;
    arch        "LSB;label=32;scalar=64";
    class       volVectorField;
    location    "1.95";
    object      flux;
}
// * * * * * * * * * * * * * * * * * * * * * * * * * * * * * * * * * * * * * //

dimensions      [0 1 -1 1 0 0 0];

internalField   nonuniform List<vector> 
100
(
(-2.55795e-12 -2.55795e-12 0)
(-5.40012e-12 -1.13687e-12 0)
(-8.52651e-13 1.13687e-12 0)
(2.84217e-13 1.7053e-12 0)
(-5.11591e-12 1.13687e-12 0)
(-2.84217e-12 -5.68434e-13 0)
(2.27374e-12 -2.84217e-13 0)
(2.84217e-13 5.68434e-13 0)
(1.98952e-12 8.52651e-13 0)
(2.55795e-12 -2.84217e-13 0)
(-1.13687e-12 -5.40012e-12 0)
(-1.42109e-12 -8.52651e-13 0)
(2.27374e-12 3.97904e-12 0)
(0 3.69482e-12 0)
(-7.67386e-12 1.13687e-12 0)
(-3.97904e-12 1.42109e-12 0)
(3.41061e-12 1.98952e-12 0)
(1.13687e-12 1.42109e-12 0)
(8.52651e-13 2.55795e-12 0)
(1.42109e-12 0 0)
(1.98952e-12 -5.68434e-13 0)
(3.69482e-12 8.52651e-13 0)
(3.41061e-12 1.98952e-12 0)
(-1.7053e-12 1.42109e-12 0)
(-7.67386e-12 1.42109e-12 0)
(-2.55795e-12 3.69482e-12 0)
(2.27374e-12 1.98952e-12 0)
(1.42109e-12 -8.52651e-13 0)
(2.84217e-13 2.55795e-12 0)
(0 2.55795e-12 0)
(5.68434e-13 2.55795e-12 0)
(1.42109e-12 8.52651e-13 0)
(2.55795e-12 -1.42109e-12 0)
(-1.13687e-12 -1.98952e-12 0)
(-4.83169e-12 -1.98952e-12 0)
(-3.69482e-12 5.68434e-13 0)
(-1.13687e-12 -1.42109e-12 0)
(2.27374e-12 -1.13687e-12 0)
(3.69482e-12 2.84217e-13 0)
(1.7053e-12 -8.52651e-13 0)
(-2.84217e-13 -1.13687e-12 0)
(-2.84217e-13 -1.13687e-12 0)
(1.42109e-12 -4.26326e-12 0)
(-2.55795e-12 -3.69482e-12 0)
(-5.11591e-12 -3.69482e-12 0)
(-2.27374e-12 -1.42109e-12 0)
(8.52651e-13 -1.42109e-12 0)
(3.12639e-12 0 0)
(1.13687e-12 2.84217e-13 0)
(-1.42109e-12 -2.84217e-12 0)
(8.52651e-13 -5.68434e-13 0)
(-1.98952e-12 2.84217e-13 0)
(0 -2.84217e-13 0)
(-2.84217e-13 -8.52651e-13 0)
(-2.27374e-12 2.55795e-12 0)
(-1.98952e-12 3.69482e-12 0)
(0 2.27374e-12 0)
(3.97904e-12 1.13687e-12 0)
(5.68434e-13 -1.13687e-12 0)
(-1.7053e-12 -1.13687e-12 0)
(1.13687e-12 3.69482e-12 0)
(-5.68434e-13 4.26326e-12 0)
(0 5.40012e-12 0)
(8.52651e-13 1.98952e-12 0)
(-1.13687e-12 3.12639e-12 0)
(-1.42109e-12 3.97904e-12 0)
(-1.42109e-12 3.97904e-12 0)
(-2.84217e-13 2.55795e-12 0)
(-1.7053e-12 0 0)
(-1.42109e-12 -2.55795e-12 0)
(1.13687e-12 4.26326e-12 0)
(0 5.11591e-12 0)
(-2.55795e-12 5.68434e-12 0)
(-2.55795e-12 3.12639e-12 0)
(-2.84217e-13 1.7053e-12 0)
(-1.13687e-12 2.27374e-12 0)
(-1.42109e-12 2.55795e-12 0)
(0 1.98952e-12 0)
(-4.54747e-12 -2.84217e-13 0)
(-4.26326e-12 -5.11591e-12 0)
(2.27374e-12 2.55795e-12 0)
(1.13687e-12 1.98952e-12 0)
(-2.27374e-12 1.7053e-12 0)
(-3.12639e-12 2.27374e-12 0)
(-1.98952e-12 1.13687e-12 0)
(-1.13687e-12 -1.13687e-12 0)
(-1.42109e-12 5.68434e-13 0)
(-3.69482e-12 -1.42109e-12 0)
(-7.95808e-12 -5.68434e-12 0)
(-5.40012e-12 -3.12639e-12 0)
(2.84217e-13 1.42109e-12 0)
(-1.13687e-12 -5.68434e-13 0)
(-1.42109e-12 -2.84217e-13 0)
(-3.12639e-12 2.84217e-13 0)
(-3.69482e-12 0 0)
(-1.98952e-12 -1.98952e-12 0)
(-1.7053e-12 -1.13687e-12 0)
(-6.53699e-12 -2.27374e-12 0)
(-6.25278e-12 -3.69482e-12 0)
(-1.98952e-12 -2.84217e-13 0)
)
;

boundaryField
{
    left
    {
        type            calculated;
        value           nonuniform List<vector> 10((0 -2.55795e-12 0) (0 -5.40012e-12 0) (0 -5.68434e-13 0) (0 2.55795e-12 0) (0 -1.13687e-12 0) (0 -5.68434e-13 0) (0 3.69482e-12 0) (0 4.26326e-12 0) (0 2.55795e-12 0) (0 1.42109e-12 0));
    }
    right
    {
        type            calculated;
        value           nonuniform List<vector> 10((0 -2.84217e-13 0) (0 0 0) (0 2.55795e-12 0) (0 -8.52651e-13 0) (0 -2.84217e-12 0) (0 -1.13687e-12 0) (0 -2.55795e-12 0) (0 -5.11591e-12 0) (0 -3.12639e-12 0) (0 -2.84217e-13 0));
    }
    top
    {
        type            calculated;
        value           nonuniform List<vector> 10((2.84217e-13 0 0) (-1.13687e-12 0 0) (-1.42109e-12 0 0) (-3.12639e-12 0 0) (-3.69482e-12 0 0) (-1.98952e-12 0 0) (-1.7053e-12 0 0) (-6.53699e-12 0 0) (-6.25278e-12 0 0) (-1.98952e-12 0 0));
    }
    bottom
    {
        type            calculated;
        value           nonuniform List<vector> 10((-2.55795e-12 0 0) (-5.40012e-12 0 0) (-8.52651e-13 0 0) (2.84217e-13 0 0) (-5.11591e-12 0 0) (-2.84217e-12 0 0) (2.27374e-12 0 0) (2.84217e-13 0 0) (1.98952e-12 0 0) (2.55795e-12 0 0));
    }
    defaultFaces
    {
        type            empty;
    }
}


// ************************************************************************* //
