/*--------------------------------*- C++ -*----------------------------------*\
| =========                 |                                                 |
| \\      /  F ield         | OpenFOAM: The Open Source CFD Toolbox           |
|  \\    /   O peration     | Version:  2406                                  |
|   \\  /    A nd           | Website:  www.openfoam.com                      |
|    \\/     M anipulation  |                                                 |
\*---------------------------------------------------------------------------*/
FoamFile
{
    version     2.0;
    format      ascii;
    arch        "LSB;label=32;scalar=64";
    class       volVectorField;
    location    "9.05";
    object      flux;
}
// * * * * * * * * * * * * * * * * * * * * * * * * * * * * * * * * * * * * * //

dimensions      [0 1 -1 1 0 0 0];

internalField   nonuniform List<vector> 
100
(
(-8.07045e+19 -1.03763e+20 0)
(-2.42114e+20 -5.76461e+19 0)
(-4.61169e+19 3.45876e+19 0)
(4.61169e+19 6.91753e+19 0)
(-2.30584e+20 3.45876e+19 0)
(-1.95997e+20 -1.15292e+19 0)
(5.76461e+19 0 0)
(3.45876e+19 0 0)
(4.61169e+19 -2.30584e+19 0)
(5.76461e+19 2.30584e+19 0)
(-4.61169e+19 -2.30584e+20 0)
(-1.03763e+20 -6.91753e+19 0)
(8.07045e+19 1.72938e+20 0)
(4.61169e+19 1.72938e+20 0)
(-3.11289e+20 4.61169e+19 0)
(-2.19055e+20 5.76461e+19 0)
(5.76461e+19 6.91753e+19 0)
(2.30584e+19 4.61169e+19 0)
(5.76461e+19 1.03763e+20 0)
(6.91753e+19 3.45876e+19 0)
(8.07045e+19 1.15292e+19 0)
(1.38351e+20 6.91753e+19 0)
(2.07526e+20 1.26821e+20 0)
(-6.91753e+19 9.22337e+19 0)
(-3.57406e+20 4.61169e+19 0)
(-1.61409e+20 1.72938e+20 0)
(3.45876e+19 9.22337e+19 0)
(5.76461e+19 3.45876e+19 0)
(2.30584e+19 1.26821e+20 0)
(3.45876e+19 1.26821e+20 0)
(2.30584e+19 2.07526e+20 0)
(2.30584e+19 1.03763e+20 0)
(1.03763e+20 0 0)
(-4.61169e+19 -9.22337e+19 0)
(-2.30584e+20 -5.76461e+19 0)
(-1.84467e+20 1.15292e+19 0)
(-6.91753e+19 0 0)
(4.61169e+19 -1.15292e+19 0)
(1.26821e+20 5.76461e+19 0)
(9.22337e+19 -4.61169e+19 0)
(-3.45876e+19 0 0)
(-4.61169e+19 0 0)
(2.30584e+19 -1.26821e+20 0)
(-1.38351e+20 -1.26821e+20 0)
(-2.53643e+20 -1.15292e+20 0)
(-1.15292e+20 -2.30584e+19 0)
(3.45876e+19 -4.61169e+19 0)
(1.03763e+20 1.15292e+19 0)
(1.15292e+19 2.30584e+19 0)
(-6.91753e+19 -1.38351e+20 0)
(1.15292e+19 1.15292e+19 0)
(-1.15292e+20 5.76461e+19 0)
(-1.15292e+19 2.30584e+19 0)
(-4.61169e+19 6.91753e+19 0)
(-1.15292e+20 1.4988e+20 0)
(-1.26821e+20 2.07526e+20 0)
(-4.61169e+19 1.15292e+20 0)
(1.38351e+20 4.61169e+19 0)
(-1.15292e+19 -2.30584e+19 0)
(-9.22337e+19 -5.76461e+19 0)
(1.15292e+19 1.4988e+20 0)
(-2.30584e+19 1.72938e+20 0)
(1.15292e+19 2.53643e+20 0)
(0 1.38351e+20 0)
(-1.15292e+20 2.19055e+20 0)
(-1.38351e+20 1.84467e+20 0)
(-1.26821e+20 1.72938e+20 0)
(-3.45876e+19 1.26821e+20 0)
(-8.07045e+19 4.61169e+19 0)
(-1.26821e+20 -6.91753e+19 0)
(3.45876e+19 1.38351e+20 0)
(1.15292e+19 2.30584e+20 0)
(-8.07045e+19 2.65172e+20 0)
(-5.76461e+19 1.03763e+20 0)
(-6.91753e+19 1.26821e+20 0)
(-1.61409e+20 1.38351e+20 0)
(-1.15292e+20 1.38351e+20 0)
(-2.30584e+19 9.22337e+19 0)
(-2.07526e+20 -5.76461e+19 0)
(-2.07526e+20 -1.61409e+20 0)
(1.15292e+20 1.4988e+20 0)
(9.22337e+19 1.26821e+20 0)
(-1.03763e+20 9.22337e+19 0)
(-1.26821e+20 1.15292e+20 0)
(-1.03763e+20 4.61169e+19 0)
(-1.38351e+20 -3.45876e+19 0)
(-1.61409e+20 3.45876e+19 0)
(-2.07526e+20 -8.07045e+19 0)
(-3.34347e+20 -2.76701e+20 0)
(-2.30584e+20 -1.38351e+20 0)
(2.30584e+19 8.07045e+19 0)
(-4.61169e+19 0 0)
(-5.76461e+19 -3.45876e+19 0)
(-1.26821e+20 4.61169e+19 0)
(-2.07526e+20 -1.15292e+19 0)
(-1.61409e+20 -6.91753e+19 0)
(-1.61409e+20 -4.61169e+19 0)
(-3.45876e+20 -6.91753e+19 0)
(-2.76701e+20 -1.72938e+20 0)
(-5.76461e+19 -1.15292e+19 0)
)
;

boundaryField
{
    left
    {
        type            calculated;
        value           nonuniform List<vector> 10((0 -1.03763e+20 0) (0 -2.30584e+20 0) (0 1.15292e+19 0) (0 2.07526e+20 0) (0 0 0) (0 1.15292e+19 0) (0 1.4988e+20 0) (0 1.38351e+20 0) (0 1.4988e+20 0) (0 8.07045e+19 0));
    }
    right
    {
        type            calculated;
        value           nonuniform List<vector> 10((0 2.30584e+19 0) (0 3.45876e+19 0) (0 1.26821e+20 0) (0 -4.61169e+19 0) (0 -1.38351e+20 0) (0 -5.76461e+19 0) (0 -6.91753e+19 0) (0 -1.61409e+20 0) (0 -1.38351e+20 0) (0 -1.15292e+19 0));
    }
    top
    {
        type            calculated;
        value           nonuniform List<vector> 10((2.30584e+19 0 0) (-4.61169e+19 0 0) (-5.76461e+19 0 0) (-1.26821e+20 0 0) (-2.07526e+20 0 0) (-1.61409e+20 0 0) (-1.61409e+20 0 0) (-3.45876e+20 0 0) (-2.76701e+20 0 0) (-5.76461e+19 0 0));
    }
    bottom
    {
        type            calculated;
        value           nonuniform List<vector> 10((-8.07045e+19 0 0) (-2.42114e+20 0 0) (-4.61169e+19 0 0) (4.61169e+19 0 0) (-2.30584e+20 0 0) (-1.95997e+20 0 0) (5.76461e+19 0 0) (3.45876e+19 0 0) (4.61169e+19 0 0) (5.76461e+19 0 0));
    }
    defaultFaces
    {
        type            empty;
    }
}


// ************************************************************************* //
