/*--------------------------------*- C++ -*----------------------------------*\
| =========                 |                                                 |
| \\      /  F ield         | OpenFOAM: The Open Source CFD Toolbox           |
|  \\    /   O peration     | Version:  2406                                  |
|   \\  /    A nd           | Website:  www.openfoam.com                      |
|    \\/     M anipulation  |                                                 |
\*---------------------------------------------------------------------------*/
FoamFile
{
    version     2.0;
    format      ascii;
    arch        "LSB;label=32;scalar=64";
    class       volVectorField;
    location    "1.4";
    object      flux;
}
// * * * * * * * * * * * * * * * * * * * * * * * * * * * * * * * * * * * * * //

dimensions      [0 1 -1 1 0 0 0];

internalField   nonuniform List<vector> 
100
(
(-9.99201e-15 -9.99201e-15 0)
(-1.77636e-14 -3.33067e-15 0)
(-4.44089e-15 3.33067e-15 0)
(2.22045e-15 8.88178e-15 0)
(-1.66533e-14 4.44089e-15 0)
(-1.11022e-14 0 0)
(6.66134e-15 1.11022e-15 0)
(5.55112e-15 1.11022e-15 0)
(9.99201e-15 -1.11022e-15 0)
(9.99201e-15 -1.11022e-15 0)
(-3.33067e-15 -1.9984e-14 0)
(-5.55112e-15 -3.33067e-15 0)
(8.88178e-15 1.55431e-14 0)
(0 1.55431e-14 0)
(-2.55351e-14 4.44089e-15 0)
(-1.44329e-14 3.33067e-15 0)
(9.99201e-15 3.33067e-15 0)
(2.22045e-15 1.11022e-15 0)
(8.88178e-15 1.11022e-14 0)
(9.99201e-15 1.11022e-15 0)
(8.88178e-15 -3.33067e-15 0)
(1.55431e-14 3.33067e-15 0)
(1.55431e-14 6.66134e-15 0)
(-7.77156e-15 4.44089e-15 0)
(-2.88658e-14 3.33067e-15 0)
(-1.33227e-14 1.11022e-14 0)
(6.66134e-15 4.44089e-15 0)
(1.22125e-14 -2.22045e-15 0)
(5.55112e-15 7.77156e-15 0)
(1.11022e-15 1.11022e-15 0)
(4.44089e-15 1.22125e-14 0)
(5.55112e-15 1.11022e-15 0)
(7.77156e-15 -7.77156e-15 0)
(-4.44089e-15 -1.11022e-14 0)
(-1.55431e-14 -7.77156e-15 0)
(-1.33227e-14 3.33067e-15 0)
(-5.55112e-15 -3.33067e-15 0)
(8.88178e-15 -4.44089e-15 0)
(1.22125e-14 0 0)
(4.44089e-15 -5.55112e-15 0)
(-4.44089e-15 -5.55112e-15 0)
(-3.33067e-15 -7.77156e-15 0)
(5.55112e-15 -1.22125e-14 0)
(-6.66134e-15 -1.22125e-14 0)
(-1.88738e-14 -1.22125e-14 0)
(-7.77156e-15 -5.55112e-15 0)
(1.11022e-15 -3.33067e-15 0)
(1.44329e-14 4.44089e-15 0)
(4.44089e-15 3.33067e-15 0)
(-4.44089e-15 -9.99201e-15 0)
(2.22045e-15 -6.66134e-15 0)
(-2.22045e-15 0 0)
(2.22045e-15 -2.22045e-15 0)
(-2.22045e-15 -1.11022e-15 0)
(-9.99201e-15 6.66134e-15 0)
(-3.33067e-15 1.11022e-14 0)
(0 7.77156e-15 0)
(1.77636e-14 5.55112e-15 0)
(-2.22045e-15 -1.11022e-15 0)
(-9.99201e-15 -6.66134e-15 0)
(3.33067e-15 8.88178e-15 0)
(3.33067e-15 1.55431e-14 0)
(3.33067e-15 1.77636e-14 0)
(1.11022e-15 7.77156e-15 0)
(-7.77156e-15 1.55431e-14 0)
(-6.66134e-15 1.44329e-14 0)
(-2.22045e-15 1.11022e-14 0)
(6.66134e-15 8.88178e-15 0)
(-6.66134e-15 0 0)
(-9.99201e-15 -4.44089e-15 0)
(7.77156e-15 1.44329e-14 0)
(4.44089e-15 1.77636e-14 0)
(-5.55112e-15 1.77636e-14 0)
(-3.33067e-15 8.88178e-15 0)
(-1.11022e-15 1.44329e-14 0)
(-8.88178e-15 1.22125e-14 0)
(-4.44089e-15 1.11022e-14 0)
(2.22045e-15 5.55112e-15 0)
(-1.66533e-14 -8.88178e-15 0)
(-1.33227e-14 -1.55431e-14 0)
(9.99201e-15 9.99201e-15 0)
(6.66134e-15 7.77156e-15 0)
(-4.44089e-15 5.55112e-15 0)
(-5.55112e-15 9.99201e-15 0)
(-3.33067e-15 1.11022e-15 0)
(-9.99201e-15 -2.22045e-15 0)
(-8.88178e-15 4.44089e-15 0)
(-1.33227e-14 -5.55112e-15 0)
(-2.66454e-14 -2.22045e-14 0)
(-1.55431e-14 -1.11022e-14 0)
(3.33067e-15 5.55112e-15 0)
(-2.22045e-15 -3.33067e-15 0)
(-1.11022e-15 -2.22045e-15 0)
(-5.55112e-15 3.33067e-15 0)
(-1.22125e-14 -2.22045e-15 0)
(-8.88178e-15 -7.77156e-15 0)
(-7.77156e-15 -1.11022e-15 0)
(-2.55351e-14 -7.77156e-15 0)
(-2.10942e-14 -1.33227e-14 0)
(-5.55112e-15 -3.33067e-15 0)
)
;

boundaryField
{
    left
    {
        type            calculated;
        value           nonuniform List<vector> 10((0 -9.99201e-15 0) (0 -1.9984e-14 0) (0 -3.33067e-15 0) (0 1.22125e-14 0) (0 -5.55112e-15 0) (0 -6.66134e-15 0) (0 8.88178e-15 0) (0 1.44329e-14 0) (0 9.99201e-15 0) (0 5.55112e-15 0));
    }
    right
    {
        type            calculated;
        value           nonuniform List<vector> 10((0 -1.11022e-15 0) (0 1.11022e-15 0) (0 1.11022e-15 0) (0 -5.55112e-15 0) (0 -9.99201e-15 0) (0 -6.66134e-15 0) (0 -4.44089e-15 0) (0 -1.55431e-14 0) (0 -1.11022e-14 0) (0 -3.33067e-15 0));
    }
    top
    {
        type            calculated;
        value           nonuniform List<vector> 10((3.33067e-15 0 0) (-2.22045e-15 0 0) (-1.11022e-15 0 0) (-5.55112e-15 0 0) (-1.22125e-14 0 0) (-8.88178e-15 0 0) (-7.77156e-15 0 0) (-2.55351e-14 0 0) (-2.10942e-14 0 0) (-5.55112e-15 0 0));
    }
    bottom
    {
        type            calculated;
        value           nonuniform List<vector> 10((-9.99201e-15 0 0) (-1.77636e-14 0 0) (-4.44089e-15 0 0) (2.22045e-15 0 0) (-1.66533e-14 0 0) (-1.11022e-14 0 0) (6.66134e-15 0 0) (5.55112e-15 0 0) (9.99201e-15 0 0) (9.99201e-15 0 0));
    }
    defaultFaces
    {
        type            empty;
    }
}


// ************************************************************************* //
