/*--------------------------------*- C++ -*----------------------------------*\
| =========                 |                                                 |
| \\      /  F ield         | OpenFOAM: The Open Source CFD Toolbox           |
|  \\    /   O peration     | Version:  2406                                  |
|   \\  /    A nd           | Website:  www.openfoam.com                      |
|    \\/     M anipulation  |                                                 |
\*---------------------------------------------------------------------------*/
FoamFile
{
    version     2.0;
    format      ascii;
    arch        "LSB;label=32;scalar=64";
    class       volVectorField;
    location    "8.45";
    object      flux;
}
// * * * * * * * * * * * * * * * * * * * * * * * * * * * * * * * * * * * * * //

dimensions      [0 1 -1 1 0 0 0];

internalField   nonuniform List<vector> 
100
(
(-2.02662e+17 -2.47698e+17 0)
(-5.40432e+17 -9.0072e+16 0)
(-1.80144e+17 1.1259e+17 0)
(6.7554e+16 2.2518e+17 0)
(-3.82806e+17 0 0)
(-2.2518e+17 -2.2518e+16 0)
(0 -2.2518e+16 0)
(-9.0072e+16 0 0)
(1.1259e+17 -2.2518e+16 0)
(2.02662e+17 -2.2518e+16 0)
(-4.5036e+16 -4.95396e+17 0)
(-1.80144e+17 -1.35108e+17 0)
(1.80144e+17 4.27842e+17 0)
(-6.7554e+16 4.72878e+17 0)
(-6.30504e+17 1.80144e+17 0)
(-2.92734e+17 4.5036e+16 0)
(6.7554e+16 4.5036e+16 0)
(-9.0072e+16 6.7554e+16 0)
(9.0072e+16 2.92734e+17 0)
(2.02662e+17 9.0072e+16 0)
(1.57626e+17 -9.0072e+16 0)
(3.82806e+17 6.7554e+16 0)
(4.05324e+17 2.47698e+17 0)
(-1.80144e+17 2.2518e+17 0)
(-7.65612e+17 2.02662e+17 0)
(-4.05324e+17 3.15252e+17 0)
(9.0072e+16 1.35108e+17 0)
(1.35108e+17 6.7554e+16 0)
(6.7554e+16 2.70216e+17 0)
(0 2.02662e+17 0)
(9.0072e+16 3.15252e+17 0)
(1.80144e+17 1.1259e+17 0)
(3.15252e+17 -9.0072e+16 0)
(-1.1259e+17 -2.2518e+17 0)
(-5.17914e+17 -1.57626e+17 0)
(-3.82806e+17 9.0072e+16 0)
(-2.02662e+17 -4.5036e+16 0)
(6.7554e+16 -6.7554e+16 0)
(2.2518e+17 4.5036e+16 0)
(1.35108e+17 -9.0072e+16 0)
(-4.5036e+16 -2.2518e+16 0)
(-2.2518e+16 -6.7554e+16 0)
(1.1259e+17 -2.92734e+17 0)
(-2.47698e+17 -3.15252e+17 0)
(-5.17914e+17 -3.15252e+17 0)
(-2.70216e+17 -1.35108e+17 0)
(-6.7554e+16 -1.1259e+17 0)
(2.47698e+17 0 0)
(4.5036e+16 6.7554e+16 0)
(-1.35108e+17 -2.47698e+17 0)
(6.7554e+16 2.2518e+16 0)
(-1.57626e+17 9.0072e+16 0)
(6.7554e+16 0 0)
(-1.1259e+17 2.2518e+16 0)
(-2.92734e+17 3.15252e+17 0)
(-2.02662e+17 4.27842e+17 0)
(-1.1259e+17 2.2518e+17 0)
(2.47698e+17 1.57626e+17 0)
(-2.2518e+16 -6.7554e+16 0)
(-1.80144e+17 -6.7554e+16 0)
(4.5036e+16 3.82806e+17 0)
(-2.2518e+16 4.95396e+17 0)
(2.2518e+16 5.85468e+17 0)
(4.5036e+16 3.15252e+17 0)
(-1.57626e+17 5.6295e+17 0)
(-3.15252e+17 4.95396e+17 0)
(-2.92734e+17 4.72878e+17 0)
(-6.7554e+16 3.15252e+17 0)
(-1.57626e+17 9.0072e+16 0)
(-1.35108e+17 -1.1259e+17 0)
(1.35108e+17 4.27842e+17 0)
(6.7554e+16 5.40432e+17 0)
(-1.57626e+17 6.53022e+17 0)
(-9.0072e+16 4.05324e+17 0)
(-1.1259e+17 3.3777e+17 0)
(-2.70216e+17 2.70216e+17 0)
(-2.92734e+17 3.15252e+17 0)
(-1.57626e+17 2.2518e+17 0)
(-4.5036e+17 -9.0072e+16 0)
(-3.82806e+17 -3.15252e+17 0)
(2.02662e+17 3.3777e+17 0)
(2.2518e+17 2.2518e+17 0)
(-1.1259e+17 2.70216e+17 0)
(-3.15252e+17 2.92734e+17 0)
(-2.70216e+17 2.2518e+16 0)
(-3.15252e+17 -4.5036e+16 0)
(-3.82806e+17 6.7554e+16 0)
(-4.5036e+17 -1.35108e+17 0)
(-6.7554e+17 -5.40432e+17 0)
(-3.82806e+17 -2.92734e+17 0)
(4.5036e+16 1.80144e+17 0)
(0 4.5036e+16 0)
(-6.7554e+16 -4.5036e+16 0)
(-3.3777e+17 6.7554e+16 0)
(-4.72878e+17 -4.5036e+16 0)
(-2.92734e+17 -1.57626e+17 0)
(-3.60288e+17 -4.5036e+16 0)
(-7.8813e+17 -1.57626e+17 0)
(-5.6295e+17 -3.60288e+17 0)
(-1.35108e+17 -6.7554e+16 0)
)
;

boundaryField
{
    left
    {
        type            calculated;
        value           nonuniform List<vector> 10((0 -2.47698e+17 0) (0 -4.95396e+17 0) (0 -9.0072e+16 0) (0 3.15252e+17 0) (0 -2.2518e+16 0) (0 2.2518e+16 0) (0 3.82806e+17 0) (0 4.27842e+17 0) (0 3.3777e+17 0) (0 1.80144e+17 0));
    }
    right
    {
        type            calculated;
        value           nonuniform List<vector> 10((0 -2.2518e+16 0) (0 9.0072e+16 0) (0 2.02662e+17 0) (0 -9.0072e+16 0) (0 -2.47698e+17 0) (0 -6.7554e+16 0) (0 -1.1259e+17 0) (0 -3.15252e+17 0) (0 -2.92734e+17 0) (0 -6.7554e+16 0));
    }
    top
    {
        type            calculated;
        value           nonuniform List<vector> 10((4.5036e+16 0 0) (0 0 0) (-6.7554e+16 0 0) (-3.3777e+17 0 0) (-4.72878e+17 0 0) (-2.92734e+17 0 0) (-3.60288e+17 0 0) (-7.8813e+17 0 0) (-5.6295e+17 0 0) (-1.35108e+17 0 0));
    }
    bottom
    {
        type            calculated;
        value           nonuniform List<vector> 10((-2.02662e+17 0 0) (-5.40432e+17 0 0) (-1.80144e+17 0 0) (6.7554e+16 0 0) (-3.82806e+17 0 0) (-2.2518e+17 0 0) (0 0 0) (-9.0072e+16 0 0) (1.1259e+17 0 0) (2.02662e+17 0 0));
    }
    defaultFaces
    {
        type            empty;
    }
}


// ************************************************************************* //
