/*--------------------------------*- C++ -*----------------------------------*\
| =========                 |                                                 |
| \\      /  F ield         | OpenFOAM: The Open Source CFD Toolbox           |
|  \\    /   O peration     | Version:  2406                                  |
|   \\  /    A nd           | Website:  www.openfoam.com                      |
|    \\/     M anipulation  |                                                 |
\*---------------------------------------------------------------------------*/
FoamFile
{
    version     2.0;
    format      ascii;
    arch        "LSB;label=32;scalar=64";
    class       volVectorField;
    location    "5.9";
    object      flux;
}
// * * * * * * * * * * * * * * * * * * * * * * * * * * * * * * * * * * * * * //

dimensions      [0 1 -1 1 0 0 0];

internalField   nonuniform List<vector> 
100
(
(-983040 -983040 0)
(-2.29376e+06 -327680 0)
(-163840 655360 0)
(655360 819200 0)
(-1.96608e+06 655360 0)
(-1.6384e+06 163840 0)
(491520 491520 0)
(491520 163840 0)
(819200 0 0)
(819200 -163840 0)
(-327680 -1.96608e+06 0)
(-819200 -491520 0)
(1.14688e+06 1.80224e+06 0)
(655360 1.6384e+06 0)
(-2.94912e+06 327680 0)
(-1.6384e+06 491520 0)
(819200 1.31072e+06 0)
(-163840 491520 0)
(327680 819200 0)
(819200 0 0)
(491520 -163840 0)
(1.47456e+06 491520 0)
(1.96608e+06 1.14688e+06 0)
(-655360 491520 0)
(-3.11296e+06 491520 0)
(-819200 1.31072e+06 0)
(491520 491520 0)
(163840 -163840 0)
(163840 1.14688e+06 0)
(0 819200 0)
(327680 1.14688e+06 0)
(655360 983040 0)
(1.31072e+06 -491520 0)
(-327680 -819200 0)
(-1.96608e+06 -491520 0)
(-1.80224e+06 163840 0)
(-655360 -655360 0)
(655360 -327680 0)
(1.14688e+06 327680 0)
(655360 -491520 0)
(163840 163840 0)
(-327680 -327680 0)
(327680 -1.14688e+06 0)
(-819200 -1.31072e+06 0)
(-1.96608e+06 -1.47456e+06 0)
(-983040 -491520 0)
(0 -491520 0)
(983040 327680 0)
(163840 -163840 0)
(-655360 -1.14688e+06 0)
(163840 163840 0)
(-655360 0 0)
(0 163840 0)
(-327680 163840 0)
(-1.31072e+06 819200 0)
(-655360 1.31072e+06 0)
(-163840 983040 0)
(1.14688e+06 163840 0)
(0 -327680 0)
(-655360 -327680 0)
(163840 1.31072e+06 0)
(-163840 2.12992e+06 0)
(163840 2.29376e+06 0)
(0 1.14688e+06 0)
(-819200 1.96608e+06 0)
(-655360 1.80224e+06 0)
(-983040 1.47456e+06 0)
(-491520 819200 0)
(-655360 0 0)
(-655360 -1.14688e+06 0)
(491520 1.96608e+06 0)
(327680 2.62144e+06 0)
(-819200 2.4576e+06 0)
(-655360 1.47456e+06 0)
(-655360 1.47456e+06 0)
(-1.31072e+06 1.31072e+06 0)
(-1.14688e+06 983040 0)
(-327680 983040 0)
(-1.80224e+06 -327680 0)
(-1.6384e+06 -1.47456e+06 0)
(819200 1.96608e+06 0)
(327680 1.14688e+06 0)
(-819200 1.14688e+06 0)
(-983040 1.14688e+06 0)
(-1.14688e+06 655360 0)
(-1.14688e+06 0 0)
(-1.47456e+06 819200 0)
(-1.80224e+06 -327680 0)
(-3.11296e+06 -2.29376e+06 0)
(-1.80224e+06 -1.14688e+06 0)
(-163840 819200 0)
(-655360 163840 0)
(-655360 -327680 0)
(-1.31072e+06 163840 0)
(-1.80224e+06 -327680 0)
(-983040 -491520 0)
(-1.31072e+06 0 0)
(-3.44064e+06 -655360 0)
(-2.78528e+06 -1.47456e+06 0)
(-491520 -327680 0)
)
;

boundaryField
{
    left
    {
        type            calculated;
        value           nonuniform List<vector> 10((0 -983040 0) (0 -1.96608e+06 0) (0 -163840 0) (0 1.14688e+06 0) (0 163840 0) (0 163840 0) (0 1.31072e+06 0) (0 1.96608e+06 0) (0 1.96608e+06 0) (0 819200 0));
    }
    right
    {
        type            calculated;
        value           nonuniform List<vector> 10((0 -163840 0) (0 0 0) (0 819200 0) (0 -491520 0) (0 -1.14688e+06 0) (0 -327680 0) (0 -1.14688e+06 0) (0 -1.47456e+06 0) (0 -1.14688e+06 0) (0 -327680 0));
    }
    top
    {
        type            calculated;
        value           nonuniform List<vector> 10((-163840 0 0) (-655360 0 0) (-655360 0 0) (-1.31072e+06 0 0) (-1.80224e+06 0 0) (-983040 0 0) (-1.31072e+06 0 0) (-3.44064e+06 0 0) (-2.78528e+06 0 0) (-491520 0 0));
    }
    bottom
    {
        type            calculated;
        value           nonuniform List<vector> 10((-983040 0 0) (-2.29376e+06 0 0) (-163840 0 0) (655360 0 0) (-1.96608e+06 0 0) (-1.6384e+06 0 0) (491520 0 0) (491520 0 0) (819200 0 0) (819200 0 0));
    }
    defaultFaces
    {
        type            empty;
    }
}


// ************************************************************************* //
