/*--------------------------------*- C++ -*----------------------------------*\
| =========                 |                                                 |
| \\      /  F ield         | OpenFOAM: The Open Source CFD Toolbox           |
|  \\    /   O peration     | Version:  2406                                  |
|   \\  /    A nd           | Website:  www.openfoam.com                      |
|    \\/     M anipulation  |                                                 |
\*---------------------------------------------------------------------------*/
FoamFile
{
    version     2.0;
    format      ascii;
    arch        "LSB;label=32;scalar=64";
    class       volVectorField;
    location    "1.9";
    object      flux;
}
// * * * * * * * * * * * * * * * * * * * * * * * * * * * * * * * * * * * * * //

dimensions      [0 1 -1 1 0 0 0];

internalField   nonuniform List<vector> 
100
(
(-1.7053e-12 -1.7053e-12 0)
(-3.41061e-12 -5.68434e-13 0)
(-4.26326e-13 8.52651e-13 0)
(5.68434e-13 1.13687e-12 0)
(-3.12639e-12 5.68434e-13 0)
(-1.56319e-12 -2.84217e-13 0)
(8.52651e-13 -2.84217e-13 0)
(7.10543e-13 5.68434e-13 0)
(1.27898e-12 1.42109e-13 0)
(1.13687e-12 -1.42109e-13 0)
(-5.68434e-13 -3.41061e-12 0)
(-1.13687e-12 -5.68434e-13 0)
(1.42109e-12 2.27374e-12 0)
(2.84217e-13 2.27374e-12 0)
(-4.54747e-12 5.68434e-13 0)
(-2.41585e-12 2.84217e-13 0)
(1.84741e-12 9.9476e-13 0)
(8.52651e-13 7.10543e-13 0)
(7.10543e-13 1.27898e-12 0)
(9.9476e-13 1.42109e-13 0)
(1.27898e-12 -4.26326e-13 0)
(2.41585e-12 5.68434e-13 0)
(2.41585e-12 1.84741e-12 0)
(-1.27898e-12 7.10543e-13 0)
(-5.11591e-12 7.10543e-13 0)
(-1.42109e-12 2.41585e-12 0)
(1.42109e-12 9.9476e-13 0)
(8.52651e-13 -2.84217e-13 0)
(5.68434e-13 8.52651e-13 0)
(1.42109e-13 1.27898e-12 0)
(2.84217e-13 1.7053e-12 0)
(1.27898e-12 2.84217e-13 0)
(1.7053e-12 -1.13687e-12 0)
(-9.9476e-13 -9.9476e-13 0)
(-2.84217e-12 -1.13687e-12 0)
(-1.98952e-12 5.68434e-13 0)
(-7.10543e-13 -4.26326e-13 0)
(8.52651e-13 -8.52651e-13 0)
(1.98952e-12 0 0)
(1.27898e-12 -5.68434e-13 0)
(-2.84217e-13 -9.9476e-13 0)
(-1.42109e-13 -7.10543e-13 0)
(1.13687e-12 -2.27374e-12 0)
(-1.56319e-12 -2.27374e-12 0)
(-3.41061e-12 -1.98952e-12 0)
(-1.13687e-12 -7.10543e-13 0)
(0 -1.13687e-12 0)
(1.7053e-12 -1.42109e-13 0)
(1.13687e-12 5.68434e-13 0)
(-5.68434e-13 -1.84741e-12 0)
(5.68434e-13 -4.26326e-13 0)
(-5.68434e-13 -1.42109e-13 0)
(0 -7.10543e-13 0)
(-1.42109e-13 -8.52651e-13 0)
(-1.56319e-12 1.27898e-12 0)
(-9.9476e-13 1.7053e-12 0)
(-2.84217e-13 1.27898e-12 0)
(2.55795e-12 7.10543e-13 0)
(5.68434e-13 -1.42109e-13 0)
(-1.27898e-12 -7.10543e-13 0)
(2.84217e-13 2.41585e-12 0)
(-1.42109e-13 2.55795e-12 0)
(1.42109e-13 2.98428e-12 0)
(4.26326e-13 1.42109e-12 0)
(-7.10543e-13 1.84741e-12 0)
(-9.9476e-13 2.27374e-12 0)
(-8.52651e-13 2.27374e-12 0)
(1.42109e-13 1.56319e-12 0)
(-4.26326e-13 0 0)
(-9.9476e-13 -9.9476e-13 0)
(2.84217e-13 2.84217e-12 0)
(0 3.12639e-12 0)
(-1.13687e-12 3.55271e-12 0)
(-1.42109e-12 1.84741e-12 0)
(-2.84217e-13 1.27898e-12 0)
(-8.52651e-13 1.42109e-12 0)
(-7.10543e-13 1.56319e-12 0)
(-1.42109e-13 1.56319e-12 0)
(-2.41585e-12 -7.10543e-13 0)
(-2.27374e-12 -2.84217e-12 0)
(1.13687e-12 1.42109e-12 0)
(4.26326e-13 9.9476e-13 0)
(-9.9476e-13 7.10543e-13 0)
(-1.84741e-12 1.27898e-12 0)
(-1.27898e-12 7.10543e-13 0)
(-4.26326e-13 -5.68434e-13 0)
(-1.13687e-12 2.84217e-13 0)
(-1.98952e-12 -9.9476e-13 0)
(-4.26326e-12 -3.2685e-12 0)
(-2.98428e-12 -1.98952e-12 0)
(0 8.52651e-13 0)
(-7.10543e-13 0 0)
(-7.10543e-13 -4.26326e-13 0)
(-1.42109e-12 1.42109e-13 0)
(-2.13163e-12 2.84217e-13 0)
(-1.56319e-12 -8.52651e-13 0)
(-8.52651e-13 -5.68434e-13 0)
(-3.69482e-12 -7.10543e-13 0)
(-3.55271e-12 -2.13163e-12 0)
(-1.27898e-12 -2.84217e-13 0)
)
;

boundaryField
{
    left
    {
        type            calculated;
        value           nonuniform List<vector> 10((0 -1.7053e-12 0) (0 -3.41061e-12 0) (0 -4.26326e-13 0) (0 1.7053e-12 0) (0 -9.9476e-13 0) (0 -4.26326e-13 0) (0 2.41585e-12 0) (0 2.84217e-12 0) (0 1.42109e-12 0) (0 8.52651e-13 0));
    }
    right
    {
        type            calculated;
        value           nonuniform List<vector> 10((0 -1.42109e-13 0) (0 1.42109e-13 0) (0 1.27898e-12 0) (0 -5.68434e-13 0) (0 -1.84741e-12 0) (0 -7.10543e-13 0) (0 -9.9476e-13 0) (0 -2.84217e-12 0) (0 -1.98952e-12 0) (0 -2.84217e-13 0));
    }
    top
    {
        type            calculated;
        value           nonuniform List<vector> 10((0 0 0) (-7.10543e-13 0 0) (-7.10543e-13 0 0) (-1.42109e-12 0 0) (-2.13163e-12 0 0) (-1.56319e-12 0 0) (-8.52651e-13 0 0) (-3.69482e-12 0 0) (-3.55271e-12 0 0) (-1.27898e-12 0 0));
    }
    bottom
    {
        type            calculated;
        value           nonuniform List<vector> 10((-1.7053e-12 0 0) (-3.41061e-12 0 0) (-4.26326e-13 0 0) (5.68434e-13 0 0) (-3.12639e-12 0 0) (-1.56319e-12 0 0) (8.52651e-13 0 0) (7.10543e-13 0 0) (1.27898e-12 0 0) (1.13687e-12 0 0));
    }
    defaultFaces
    {
        type            empty;
    }
}


// ************************************************************************* //
