/*--------------------------------*- C++ -*----------------------------------*\
| =========                 |                                                 |
| \\      /  F ield         | OpenFOAM: The Open Source CFD Toolbox           |
|  \\    /   O peration     | Version:  2406                                  |
|   \\  /    A nd           | Website:  www.openfoam.com                      |
|    \\/     M anipulation  |                                                 |
\*---------------------------------------------------------------------------*/
FoamFile
{
    version     2.0;
    format      ascii;
    arch        "LSB;label=32;scalar=64";
    class       volVectorField;
    location    "5.05";
    object      flux;
}
// * * * * * * * * * * * * * * * * * * * * * * * * * * * * * * * * * * * * * //

dimensions      [0 1 -1 1 0 0 0];

internalField   nonuniform List<vector> 
100
(
(-120 -120 0)
(-320 -40 0)
(-20 100 0)
(100 160 0)
(-340 60 0)
(-280 -40 0)
(60 40 0)
(80 80 0)
(140 60 0)
(160 20 0)
(-40 -280 0)
(-80 -60 0)
(200 340 0)
(20 300 0)
(-500 60 0)
(-280 80 0)
(120 160 0)
(80 140 0)
(100 180 0)
(120 0 0)
(100 20 0)
(280 120 0)
(360 200 0)
(-160 100 0)
(-560 80 0)
(-200 260 0)
(100 180 0)
(100 0 0)
(20 180 0)
(0 100 0)
(40 280 0)
(140 140 0)
(140 -120 0)
(-120 -180 0)
(-300 -80 0)
(-220 80 0)
(-100 -60 0)
(100 -60 0)
(160 20 0)
(80 -80 0)
(-60 -20 0)
(-100 -80 0)
(100 -220 0)
(-120 -200 0)
(-340 -220 0)
(-180 -80 0)
(-20 -100 0)
(180 -40 0)
(0 0 0)
(-140 -220 0)
(0 -60 0)
(-100 20 0)
(0 0 0)
(-100 -20 0)
(-160 120 0)
(-60 240 0)
(-140 160 0)
(200 0 0)
(0 -80 0)
(-180 -120 0)
(60 240 0)
(-60 320 0)
(20 340 0)
(40 220 0)
(-140 340 0)
(-120 200 0)
(-200 200 0)
(-60 160 0)
(-120 -20 0)
(-180 -160 0)
(60 340 0)
(20 400 0)
(-100 460 0)
(-140 260 0)
(-120 220 0)
(-200 180 0)
(-180 160 0)
(-60 160 0)
(-320 -100 0)
(-280 -240 0)
(120 240 0)
(60 260 0)
(-100 180 0)
(-240 200 0)
(-240 60 0)
(-220 -60 0)
(-200 80 0)
(-280 -100 0)
(-520 -320 0)
(-300 -140 0)
(60 80 0)
(-40 20 0)
(-100 -20 0)
(-260 60 0)
(-360 -20 0)
(-200 -100 0)
(-240 0 0)
(-480 -120 0)
(-360 -200 0)
(-120 0 0)
)
;

boundaryField
{
    left
    {
        type            calculated;
        value           nonuniform List<vector> 10((0 -120 0) (0 -280 0) (0 20 0) (0 280 0) (0 -20 0) (0 -60 0) (0 240 0) (0 340 0) (0 240 0) (0 80 0));
    }
    right
    {
        type            calculated;
        value           nonuniform List<vector> 10((0 20 0) (0 0 0) (0 100 0) (0 -80 0) (0 -220 0) (0 -120 0) (0 -160 0) (0 -240 0) (0 -140 0) (0 0 0));
    }
    top
    {
        type            calculated;
        value           nonuniform List<vector> 10((60 0 0) (-40 0 0) (-100 0 0) (-260 0 0) (-360 0 0) (-200 0 0) (-240 0 0) (-480 0 0) (-360 0 0) (-120 0 0));
    }
    bottom
    {
        type            calculated;
        value           nonuniform List<vector> 10((-120 0 0) (-320 0 0) (-20 0 0) (100 0 0) (-340 0 0) (-280 0 0) (60 0 0) (80 0 0) (140 0 0) (160 0 0));
    }
    defaultFaces
    {
        type            empty;
    }
}


// ************************************************************************* //
