/*--------------------------------*- C++ -*----------------------------------*\
| =========                 |                                                 |
| \\      /  F ield         | OpenFOAM: The Open Source CFD Toolbox           |
|  \\    /   O peration     | Version:  2406                                  |
|   \\  /    A nd           | Website:  www.openfoam.com                      |
|    \\/     M anipulation  |                                                 |
\*---------------------------------------------------------------------------*/
FoamFile
{
    version     2.0;
    format      ascii;
    arch        "LSB;label=32;scalar=64";
    class       volVectorField;
    location    "6.65";
    object      flux;
}
// * * * * * * * * * * * * * * * * * * * * * * * * * * * * * * * * * * * * * //

dimensions      [0 1 -1 1 0 0 0];

internalField   nonuniform List<vector> 
100
(
(-2.34881e+09 -2.01327e+09 0)
(-4.36208e+09 0 0)
(-3.35544e+08 1.00663e+09 0)
(1.34218e+09 2.01327e+09 0)
(-3.35544e+09 3.35544e+08 0)
(-3.0199e+09 -1.00663e+09 0)
(1.34218e+09 0 0)
(2.01327e+09 -3.35544e+08 0)
(1.00663e+09 -6.71089e+08 0)
(1.00663e+09 -3.35544e+08 0)
(-3.35544e+08 -4.02653e+09 0)
(-1.34218e+09 -1.00663e+09 0)
(1.67772e+09 4.36208e+09 0)
(3.35544e+08 4.36208e+09 0)
(-6.37534e+09 1.00663e+09 0)
(-3.35544e+09 3.35544e+08 0)
(2.34881e+09 1.34218e+09 0)
(1.00663e+09 0 0)
(1.34218e+09 1.67772e+09 0)
(1.34218e+09 0 0)
(1.00663e+09 -3.35544e+08 0)
(4.02653e+09 1.00663e+09 0)
(4.36208e+09 2.68435e+09 0)
(-1.34218e+09 1.00663e+09 0)
(-7.38198e+09 1.34218e+09 0)
(-3.0199e+09 3.69099e+09 0)
(1.34218e+09 1.67772e+09 0)
(2.34881e+09 3.35544e+08 0)
(6.71089e+08 2.01327e+09 0)
(-3.35544e+08 1.34218e+09 0)
(6.71089e+08 3.35544e+09 0)
(2.01327e+09 2.01327e+09 0)
(1.67772e+09 -1.00663e+09 0)
(-1.00663e+09 -1.67772e+09 0)
(-3.69099e+09 -1.34218e+09 0)
(-3.69099e+09 1.00663e+09 0)
(-1.34218e+09 3.35544e+08 0)
(2.01327e+09 0 0)
(3.0199e+09 1.00663e+09 0)
(6.71089e+08 -3.35544e+08 0)
(0 -6.71089e+08 0)
(-3.35544e+08 -3.35544e+08 0)
(1.00663e+09 -2.34881e+09 0)
(-2.01327e+09 -2.34881e+09 0)
(-4.36208e+09 -2.01327e+09 0)
(-1.34218e+09 -3.35544e+08 0)
(3.35544e+08 -3.35544e+08 0)
(2.34881e+09 6.71089e+08 0)
(3.35544e+08 0 0)
(-1.67772e+09 -2.34881e+09 0)
(6.71089e+08 6.71089e+08 0)
(-3.35544e+08 1.00663e+09 0)
(0 6.71089e+08 0)
(-6.71089e+08 3.35544e+08 0)
(-2.01327e+09 2.01327e+09 0)
(-1.67772e+09 2.68435e+09 0)
(-6.71089e+08 2.01327e+09 0)
(3.0199e+09 6.71089e+08 0)
(-3.35544e+08 -1.00663e+09 0)
(-2.01327e+09 -1.67772e+09 0)
(6.71089e+08 4.02653e+09 0)
(6.71089e+08 4.69762e+09 0)
(-3.35544e+08 5.36871e+09 0)
(-6.71089e+08 2.68435e+09 0)
(-1.34218e+09 4.02653e+09 0)
(-1.34218e+09 3.69099e+09 0)
(-1.67772e+09 3.35544e+09 0)
(-6.71089e+08 2.34881e+09 0)
(-2.34881e+09 0 0)
(-2.01327e+09 -1.67772e+09 0)
(1.00663e+09 4.36208e+09 0)
(6.71089e+08 5.03316e+09 0)
(-2.01327e+09 5.03316e+09 0)
(-2.01327e+09 3.0199e+09 0)
(-1.34218e+09 2.68435e+09 0)
(-2.01327e+09 2.68435e+09 0)
(-1.67772e+09 1.34218e+09 0)
(-1.00663e+09 1.67772e+09 0)
(-4.36208e+09 -1.34218e+09 0)
(-3.35544e+09 -3.69099e+09 0)
(2.01327e+09 3.35544e+09 0)
(1.00663e+09 2.68435e+09 0)
(-2.34881e+09 1.00663e+09 0)
(-3.0199e+09 2.68435e+09 0)
(-2.01327e+09 1.00663e+09 0)
(-2.68435e+09 -6.71089e+08 0)
(-2.34881e+09 3.35544e+08 0)
(-3.35544e+09 -1.67772e+09 0)
(-7.38198e+09 -5.36871e+09 0)
(-4.36208e+09 -2.34881e+09 0)
(3.35544e+08 1.67772e+09 0)
(-1.67772e+09 3.35544e+08 0)
(-1.67772e+09 -6.71089e+08 0)
(-2.01327e+09 6.71089e+08 0)
(-4.02653e+09 3.35544e+08 0)
(-3.0199e+09 -1.34218e+09 0)
(-3.0199e+09 0 0)
(-7.04643e+09 -2.34881e+09 0)
(-4.69762e+09 -3.35544e+09 0)
(-6.71089e+08 3.35544e+08 0)
)
;

boundaryField
{
    left
    {
        type            calculated;
        value           nonuniform List<vector> 10((0 -2.01327e+09 0) (0 -4.02653e+09 0) (0 -3.35544e+08 0) (0 3.35544e+09 0) (0 -6.71089e+08 0) (0 6.71089e+08 0) (0 4.02653e+09 0) (0 4.36208e+09 0) (0 3.35544e+09 0) (0 1.67772e+09 0));
    }
    right
    {
        type            calculated;
        value           nonuniform List<vector> 10((0 -3.35544e+08 0) (0 0 0) (0 1.34218e+09 0) (0 -3.35544e+08 0) (0 -2.34881e+09 0) (0 -1.67772e+09 0) (0 -1.67772e+09 0) (0 -3.69099e+09 0) (0 -2.34881e+09 0) (0 3.35544e+08 0));
    }
    top
    {
        type            calculated;
        value           nonuniform List<vector> 10((3.35544e+08 0 0) (-1.67772e+09 0 0) (-1.67772e+09 0 0) (-2.01327e+09 0 0) (-4.02653e+09 0 0) (-3.0199e+09 0 0) (-3.0199e+09 0 0) (-7.04643e+09 0 0) (-4.69762e+09 0 0) (-6.71089e+08 0 0));
    }
    bottom
    {
        type            calculated;
        value           nonuniform List<vector> 10((-2.34881e+09 0 0) (-4.36208e+09 0 0) (-3.35544e+08 0 0) (1.34218e+09 0 0) (-3.35544e+09 0 0) (-3.0199e+09 0 0) (1.34218e+09 0 0) (2.01327e+09 0 0) (1.00663e+09 0 0) (1.00663e+09 0 0));
    }
    defaultFaces
    {
        type            empty;
    }
}


// ************************************************************************* //
