/*--------------------------------*- C++ -*----------------------------------*\
| =========                 |                                                 |
| \\      /  F ield         | OpenFOAM: The Open Source CFD Toolbox           |
|  \\    /   O peration     | Version:  2406                                  |
|   \\  /    A nd           | Website:  www.openfoam.com                      |
|    \\/     M anipulation  |                                                 |
\*---------------------------------------------------------------------------*/
FoamFile
{
    version     2.0;
    format      ascii;
    arch        "LSB;label=32;scalar=64";
    class       volVectorField;
    location    "0.85";
    object      flux;
}
// * * * * * * * * * * * * * * * * * * * * * * * * * * * * * * * * * * * * * //

dimensions      [0 1 -1 1 0 0 0];

internalField   nonuniform List<vector> 
100
(
(-4.33681e-17 -4.33681e-17 0)
(-7.80626e-17 0 0)
(8.67362e-18 8.67362e-18 0)
(2.1684e-17 2.60209e-17 0)
(-6.93889e-17 4.33681e-18 0)
(-5.20417e-17 4.33681e-18 0)
(3.46945e-17 1.30104e-17 0)
(2.60209e-17 0 0)
(2.60209e-17 4.33681e-18 0)
(2.1684e-17 0 0)
(-4.33681e-18 -6.93889e-17 0)
(-2.1684e-17 -1.73472e-17 0)
(2.60209e-17 5.20417e-17 0)
(1.73472e-17 3.90313e-17 0)
(-9.1073e-17 -4.33681e-18 0)
(-4.77049e-17 2.60209e-17 0)
(3.90313e-17 2.60209e-17 0)
(2.1684e-17 8.67362e-18 0)
(1.73472e-17 1.73472e-17 0)
(2.1684e-17 -8.67362e-18 0)
(1.30104e-17 -8.67362e-18 0)
(4.77049e-17 4.33681e-18 0)
(5.63785e-17 2.1684e-17 0)
(-3.03577e-17 0 0)
(-7.80626e-17 4.33681e-18 0)
(-3.03577e-17 4.77049e-17 0)
(1.73472e-17 8.67362e-18 0)
(2.1684e-17 -1.30104e-17 0)
(8.67362e-18 2.1684e-17 0)
(0 1.73472e-17 0)
(4.33681e-18 4.33681e-17 0)
(4.33681e-18 1.73472e-17 0)
(2.60209e-17 -3.46945e-17 0)
(0 -3.90313e-17 0)
(-4.77049e-17 -2.1684e-17 0)
(-4.33681e-17 0 0)
(-2.1684e-17 -2.1684e-17 0)
(3.46945e-17 -2.1684e-17 0)
(4.33681e-17 8.67362e-18 0)
(1.30104e-17 -1.73472e-17 0)
(-8.67362e-18 -2.60209e-17 0)
(-2.60209e-17 -2.60209e-17 0)
(0 -3.46945e-17 0)
(-1.73472e-17 -4.33681e-17 0)
(-4.77049e-17 -5.20417e-17 0)
(-2.1684e-17 -3.90313e-17 0)
(0 -2.60209e-17 0)
(4.77049e-17 0 0)
(1.30104e-17 -4.33681e-18 0)
(-2.60209e-17 -3.90313e-17 0)
(8.67362e-18 -3.03577e-17 0)
(-8.67362e-18 -4.33681e-18 0)
(8.67362e-18 0 0)
(-1.73472e-17 -4.33681e-18 0)
(-3.46945e-17 2.60209e-17 0)
(-2.60209e-17 3.90313e-17 0)
(1.30104e-17 3.03577e-17 0)
(6.07153e-17 1.73472e-17 0)
(4.33681e-18 -1.30104e-17 0)
(-2.1684e-17 -1.30104e-17 0)
(1.30104e-17 1.73472e-17 0)
(8.67362e-18 3.90313e-17 0)
(-4.33681e-18 3.90313e-17 0)
(8.67362e-18 1.30104e-17 0)
(0 4.77049e-17 0)
(-1.73472e-17 5.63785e-17 0)
(-1.73472e-17 6.50521e-17 0)
(0 3.90313e-17 0)
(-2.1684e-17 8.67362e-18 0)
(-2.60209e-17 -2.1684e-17 0)
(2.1684e-17 3.46945e-17 0)
(1.73472e-17 4.33681e-17 0)
(-1.73472e-17 4.77049e-17 0)
(-4.33681e-18 1.73472e-17 0)
(4.33681e-18 1.73472e-17 0)
(-8.67362e-18 2.1684e-17 0)
(-4.33681e-18 3.03577e-17 0)
(8.67362e-18 3.90313e-17 0)
(-5.63785e-17 -4.33681e-18 0)
(-5.20417e-17 -3.46945e-17 0)
(3.03577e-17 4.33681e-17 0)
(2.1684e-17 1.73472e-17 0)
(-2.60209e-17 1.30104e-17 0)
(-2.60209e-17 2.1684e-17 0)
(4.33681e-18 8.67362e-18 0)
(-4.33681e-18 -1.73472e-17 0)
(0 1.30104e-17 0)
(-4.33681e-17 -2.60209e-17 0)
(-9.1073e-17 -7.80626e-17 0)
(-5.20417e-17 -3.03577e-17 0)
(0 2.60209e-17 0)
(-2.1684e-17 0 0)
(-8.67362e-18 -1.30104e-17 0)
(-1.30104e-17 1.30104e-17 0)
(-3.03577e-17 0 0)
(-4.33681e-18 -2.1684e-17 0)
(-1.30104e-17 -4.33681e-18 0)
(-8.23994e-17 -3.46945e-17 0)
(-6.07153e-17 -4.77049e-17 0)
(-8.67362e-18 -4.33681e-18 0)
)
;

boundaryField
{
    left
    {
        type            calculated;
        value           nonuniform List<vector> 10((0 -4.33681e-17 0) (0 -6.93889e-17 0) (0 -8.67362e-18 0) (0 4.33681e-17 0) (0 -2.60209e-17 0) (0 -3.03577e-17 0) (0 1.73472e-17 0) (0 3.46945e-17 0) (0 4.33681e-17 0) (0 2.60209e-17 0));
    }
    right
    {
        type            calculated;
        value           nonuniform List<vector> 10((0 0 0) (0 -8.67362e-18 0) (0 1.73472e-17 0) (0 -1.73472e-17 0) (0 -3.90313e-17 0) (0 -1.30104e-17 0) (0 -2.1684e-17 0) (0 -3.46945e-17 0) (0 -3.03577e-17 0) (0 -4.33681e-18 0));
    }
    top
    {
        type            calculated;
        value           nonuniform List<vector> 10((0 0 0) (-2.1684e-17 0 0) (-8.67362e-18 0 0) (-1.30104e-17 0 0) (-3.03577e-17 0 0) (-4.33681e-18 0 0) (-1.30104e-17 0 0) (-8.23994e-17 0 0) (-6.07153e-17 0 0) (-8.67362e-18 0 0));
    }
    bottom
    {
        type            calculated;
        value           nonuniform List<vector> 10((-4.33681e-17 0 0) (-7.80626e-17 0 0) (8.67362e-18 0 0) (2.1684e-17 0 0) (-6.93889e-17 0 0) (-5.20417e-17 0 0) (3.46945e-17 0 0) (2.60209e-17 0 0) (2.60209e-17 0 0) (2.1684e-17 0 0));
    }
    defaultFaces
    {
        type            empty;
    }
}


// ************************************************************************* //
