/*--------------------------------*- C++ -*----------------------------------*\
| =========                 |                                                 |
| \\      /  F ield         | OpenFOAM: The Open Source CFD Toolbox           |
|  \\    /   O peration     | Version:  2406                                  |
|   \\  /    A nd           | Website:  www.openfoam.com                      |
|    \\/     M anipulation  |                                                 |
\*---------------------------------------------------------------------------*/
FoamFile
{
    version     2.0;
    format      ascii;
    arch        "LSB;label=32;scalar=64";
    class       volVectorField;
    location    "4.75";
    object      flux;
}
// * * * * * * * * * * * * * * * * * * * * * * * * * * * * * * * * * * * * * //

dimensions      [0 1 -1 1 0 0 0];

internalField   nonuniform List<vector> 
100
(
(-7.5 -6.25 0)
(-15 1.25 0)
(-2.5 5 0)
(3.75 10 0)
(-13.75 1.25 0)
(-12.5 -1.25 0)
(-1.25 0 0)
(0 2.5 0)
(5 -1.25 0)
(7.5 -1.25 0)
(0 -12.5 0)
(-3.75 -1.25 0)
(6.25 12.5 0)
(1.25 12.5 0)
(-23.75 -1.25 0)
(-13.75 1.25 0)
(2.5 2.5 0)
(-1.25 6.25 0)
(1.25 8.75 0)
(5 2.5 0)
(2.5 -1.25 0)
(10 2.5 0)
(11.25 8.75 0)
(-8.75 1.25 0)
(-26.25 3.75 0)
(-10 7.5 0)
(3.75 3.75 0)
(3.75 -1.25 0)
(2.5 6.25 0)
(2.5 6.25 0)
(5 8.75 0)
(5 6.25 0)
(6.25 -3.75 0)
(-5 -3.75 0)
(-17.5 -2.5 0)
(-13.75 2.5 0)
(-6.25 0 0)
(2.5 -2.5 0)
(7.5 2.5 0)
(5 -3.75 0)
(0 0 0)
(-2.5 -2.5 0)
(1.25 -10 0)
(-7.5 -8.75 0)
(-20 -8.75 0)
(-7.5 -2.5 0)
(-1.25 -3.75 0)
(6.25 1.25 0)
(2.5 3.75 0)
(-5 -10 0)
(2.5 -1.25 0)
(-5 0 0)
(0 0 0)
(-3.75 -2.5 0)
(-10 6.25 0)
(-10 11.25 0)
(-2.5 7.5 0)
(11.25 6.25 0)
(-5 -1.25 0)
(-7.5 -5 0)
(2.5 11.25 0)
(-1.25 13.75 0)
(-2.5 15 0)
(-1.25 8.75 0)
(-5 12.5 0)
(-6.25 11.25 0)
(-6.25 12.5 0)
(-2.5 8.75 0)
(-8.75 3.75 0)
(-8.75 -3.75 0)
(3.75 15 0)
(0 15 0)
(-6.25 18.75 0)
(-6.25 12.5 0)
(-6.25 10 0)
(-11.25 8.75 0)
(-3.75 6.25 0)
(-1.25 6.25 0)
(-15 -5 0)
(-16.25 -12.5 0)
(3.75 10 0)
(1.25 8.75 0)
(-2.5 7.5 0)
(-11.25 10 0)
(-10 6.25 0)
(-7.5 1.25 0)
(-8.75 5 0)
(-13.75 -6.25 0)
(-25 -17.5 0)
(-17.5 -8.75 0)
(2.5 5 0)
(-1.25 5 0)
(-6.25 2.5 0)
(-8.75 1.25 0)
(-16.25 1.25 0)
(-11.25 -3.75 0)
(-10 -1.25 0)
(-23.75 -5 0)
(-20 -11.25 0)
(-6.25 0 0)
)
;

boundaryField
{
    left
    {
        type            calculated;
        value           nonuniform List<vector> 10((0 -6.25 0) (0 -12.5 0) (0 -1.25 0) (0 8.75 0) (0 0 0) (0 -1.25 0) (0 11.25 0) (0 15 0) (0 10 0) (0 5 0));
    }
    right
    {
        type            calculated;
        value           nonuniform List<vector> 10((0 -1.25 0) (0 2.5 0) (0 6.25 0) (0 -3.75 0) (0 -10 0) (0 -5 0) (0 -3.75 0) (0 -12.5 0) (0 -8.75 0) (0 0 0));
    }
    top
    {
        type            calculated;
        value           nonuniform List<vector> 10((2.5 0 0) (-1.25 0 0) (-6.25 0 0) (-8.75 0 0) (-16.25 0 0) (-11.25 0 0) (-10 0 0) (-23.75 0 0) (-20 0 0) (-6.25 0 0));
    }
    bottom
    {
        type            calculated;
        value           nonuniform List<vector> 10((-7.5 0 0) (-15 0 0) (-2.5 0 0) (3.75 0 0) (-13.75 0 0) (-12.5 0 0) (-1.25 0 0) (0 0 0) (5 0 0) (7.5 0 0));
    }
    defaultFaces
    {
        type            empty;
    }
}


// ************************************************************************* //
