/*--------------------------------*- C++ -*----------------------------------*\
| =========                 |                                                 |
| \\      /  F ield         | OpenFOAM: The Open Source CFD Toolbox           |
|  \\    /   O peration     | Version:  2406                                  |
|   \\  /    A nd           | Website:  www.openfoam.com                      |
|    \\/     M anipulation  |                                                 |
\*---------------------------------------------------------------------------*/
FoamFile
{
    version     2.0;
    format      ascii;
    arch        "LSB;label=32;scalar=64";
    class       volVectorField;
    location    "3.8";
    object      flux;
}
// * * * * * * * * * * * * * * * * * * * * * * * * * * * * * * * * * * * * * //

dimensions      [0 1 -1 1 0 0 0];

internalField   nonuniform List<vector> 
100
(
(-0.000457764 -0.000572205 0)
(-0.00102997 -0.000190735 0)
(-0.000152588 0.000228882 0)
(0.000190735 0.00038147 0)
(-0.000991821 0.000114441 0)
(-0.000801086 3.8147e-05 0)
(0.00038147 -7.62939e-05 0)
(0.000152588 0 0)
(0.000190735 0.000152588 0)
(0.00038147 -0.000114441 0)
(-0.000152588 -0.00102997 0)
(-0.000152588 -0.000343323 0)
(0.000495911 0.000686646 0)
(0 0.000724792 0)
(-0.00137329 3.8147e-05 0)
(-0.00087738 0.000343323 0)
(0.000343323 0.00038147 0)
(0.000305176 0 0)
(7.62939e-05 0.000495911 0)
(0.000190735 7.62939e-05 0)
(0.000228882 -7.62939e-05 0)
(0.000648499 7.62939e-05 0)
(0.00087738 0.00038147 0)
(-0.000343323 3.8147e-05 0)
(-0.00137329 0.000228882 0)
(-0.000534058 0.000572205 0)
(3.8147e-05 0.000419617 0)
(0.000228882 -0.000228882 0)
(0.000228882 0.000343323 0)
(-7.62939e-05 0.000343323 0)
(0.000114441 0.000419617 0)
(0.000267029 0.000267029 0)
(0.000457764 -0.000228882 0)
(-0.000152588 -0.00038147 0)
(-0.000762939 -7.62939e-05 0)
(-0.000839233 0.000152588 0)
(-0.000457764 -0.000305176 0)
(0.000343323 -0.000267029 0)
(0.000648499 7.62939e-05 0)
(0.000190735 -0.000305176 0)
(0 -0.000190735 0)
(0 -0.000114441 0)
(0.000267029 -0.000610352 0)
(-0.000267029 -0.000534058 0)
(-0.000839233 -0.000648499 0)
(-0.000686646 -0.000114441 0)
(-0.000343323 -0.000228882 0)
(0.000572205 7.62939e-05 0)
(0.000152588 -3.8147e-05 0)
(-0.00038147 -0.000572205 0)
(0.000228882 -0.000114441 0)
(-0.000152588 -3.8147e-05 0)
(0 0 0)
(-0.000152588 -3.8147e-05 0)
(-0.000343323 0.000343323 0)
(-0.000495911 0.000495911 0)
(-0.000343323 0.000686646 0)
(0.000648499 0.000267029 0)
(-3.8147e-05 -0.000305176 0)
(-0.000457764 -0.000228882 0)
(7.62939e-05 0.000801086 0)
(0.000114441 0.000762939 0)
(0.000190735 0.000839233 0)
(0.000114441 0.00038147 0)
(-0.000305176 0.000686646 0)
(-0.000228882 0.000534058 0)
(-0.000495911 0.000648499 0)
(-0.000457764 0.000534058 0)
(-0.000228882 -3.8147e-05 0)
(-0.000305176 -0.000305176 0)
(0.000114441 0.000953674 0)
(0 0.0012207 0)
(-0.000343323 0.00102997 0)
(-0.000343323 0.000534058 0)
(-0.000190735 0.000534058 0)
(-0.000572205 0.000495911 0)
(-0.000267029 0.000228882 0)
(-0.000190735 0.00038147 0)
(-0.000953674 -0.000190735 0)
(-0.000724792 -0.000686646 0)
(0.00038147 0.000648499 0)
(0.000114441 0.000610352 0)
(-0.000495911 0.00038147 0)
(-0.00038147 0.000495911 0)
(-0.00038147 0.000228882 0)
(-0.000610352 -3.8147e-05 0)
(-0.000572205 0.000267029 0)
(-0.000801086 -0.000305176 0)
(-0.001297 -0.00102997 0)
(-0.000801086 -0.000610352 0)
(0.000114441 0.000343323 0)
(-0.000305176 3.8147e-05 0)
(-0.00038147 -3.8147e-05 0)
(-0.000495911 0.000152588 0)
(-0.000724792 -7.62939e-05 0)
(-0.000534058 -0.000305176 0)
(-0.000572205 -3.8147e-05 0)
(-0.00148773 -0.000228882 0)
(-0.0012207 -0.000686646 0)
(-0.000305176 -0.000190735 0)
)
;

boundaryField
{
    left
    {
        type            calculated;
        value           nonuniform List<vector> 10((0 -0.000572205 0) (0 -0.00102997 0) (0 -7.62939e-05 0) (0 0.000419617 0) (0 -0.000190735 0) (0 -0.000114441 0) (0 0.000801086 0) (0 0.000953674 0) (0 0.000648499 0) (0 0.000343323 0));
    }
    right
    {
        type            calculated;
        value           nonuniform List<vector> 10((0 -0.000114441 0) (0 7.62939e-05 0) (0 0.000343323 0) (0 -0.000305176 0) (0 -0.000572205 0) (0 -0.000228882 0) (0 -0.000305176 0) (0 -0.000686646 0) (0 -0.000610352 0) (0 -0.000190735 0));
    }
    top
    {
        type            calculated;
        value           nonuniform List<vector> 10((0.000114441 0 0) (-0.000305176 0 0) (-0.00038147 0 0) (-0.000495911 0 0) (-0.000724792 0 0) (-0.000534058 0 0) (-0.000572205 0 0) (-0.00148773 0 0) (-0.0012207 0 0) (-0.000305176 0 0));
    }
    bottom
    {
        type            calculated;
        value           nonuniform List<vector> 10((-0.000457764 0 0) (-0.00102997 0 0) (-0.000152588 0 0) (0.000190735 0 0) (-0.000991821 0 0) (-0.000801086 0 0) (0.00038147 0 0) (0.000152588 0 0) (0.000190735 0 0) (0.00038147 0 0));
    }
    defaultFaces
    {
        type            empty;
    }
}


// ************************************************************************* //
