/*--------------------------------*- C++ -*----------------------------------*\
| =========                 |                                                 |
| \\      /  F ield         | OpenFOAM: The Open Source CFD Toolbox           |
|  \\    /   O peration     | Version:  2406                                  |
|   \\  /    A nd           | Website:  www.openfoam.com                      |
|    \\/     M anipulation  |                                                 |
\*---------------------------------------------------------------------------*/
FoamFile
{
    version     2.0;
    format      ascii;
    arch        "LSB;label=32;scalar=64";
    class       volVectorField;
    location    "1.05";
    object      flux;
}
// * * * * * * * * * * * * * * * * * * * * * * * * * * * * * * * * * * * * * //

dimensions      [0 1 -1 1 0 0 0];

internalField   nonuniform List<vector> 
100
(
(-3.46945e-16 -3.1225e-16 0)
(-5.55112e-16 3.46945e-17 0)
(0 1.04083e-16 0)
(1.04083e-16 2.08167e-16 0)
(-4.85723e-16 0 0)
(-4.16334e-16 -1.04083e-16 0)
(2.77556e-16 0 0)
(2.77556e-16 0 0)
(2.77556e-16 -3.46945e-17 0)
(2.08167e-16 0 0)
(0 -5.55112e-16 0)
(-1.73472e-16 -6.93889e-17 0)
(1.73472e-16 3.81639e-16 0)
(3.46945e-17 3.81639e-16 0)
(-7.97973e-16 0 0)
(-4.16334e-16 1.04083e-16 0)
(3.46945e-16 2.08167e-16 0)
(2.42861e-16 6.93889e-17 0)
(2.42861e-16 1.73472e-16 0)
(2.42861e-16 -6.93889e-17 0)
(1.73472e-16 -3.46945e-17 0)
(3.46945e-16 0 0)
(4.16334e-16 1.73472e-16 0)
(-2.42861e-16 0 0)
(-7.63278e-16 6.93889e-17 0)
(-2.08167e-16 3.46945e-16 0)
(1.73472e-16 1.38778e-16 0)
(3.1225e-16 -6.93889e-17 0)
(1.73472e-16 2.08167e-16 0)
(0 1.38778e-16 0)
(3.46945e-17 2.77556e-16 0)
(6.93889e-17 6.93889e-17 0)
(2.08167e-16 -2.08167e-16 0)
(-1.04083e-16 -2.77556e-16 0)
(-4.16334e-16 -6.93889e-17 0)
(-3.81639e-16 3.46945e-17 0)
(-6.93889e-17 -1.73472e-16 0)
(3.46945e-16 -1.38778e-16 0)
(3.81639e-16 -3.46945e-17 0)
(1.38778e-16 -2.08167e-16 0)
(0 -2.42861e-16 0)
(-1.38778e-16 -1.04083e-16 0)
(6.93889e-17 -3.1225e-16 0)
(-1.38778e-16 -3.1225e-16 0)
(-4.16334e-16 -3.1225e-16 0)
(-3.1225e-16 -1.04083e-16 0)
(6.93889e-17 -1.73472e-16 0)
(3.81639e-16 -3.46945e-17 0)
(1.04083e-16 0 0)
(-1.38778e-16 -3.1225e-16 0)
(1.73472e-16 -2.08167e-16 0)
(0 -3.46945e-17 0)
(-6.93889e-17 3.46945e-17 0)
(-6.93889e-17 -1.04083e-16 0)
(-2.42861e-16 1.73472e-16 0)
(-2.42861e-16 3.1225e-16 0)
(0 2.77556e-16 0)
(5.20417e-16 1.73472e-16 0)
(1.04083e-16 -6.93889e-17 0)
(-1.73472e-16 -1.38778e-16 0)
(1.38778e-16 1.73472e-16 0)
(6.93889e-17 2.08167e-16 0)
(0 2.77556e-16 0)
(6.93889e-17 1.73472e-16 0)
(-6.93889e-17 3.46945e-16 0)
(-1.38778e-16 3.46945e-16 0)
(-6.93889e-17 4.16334e-16 0)
(3.46945e-17 4.16334e-16 0)
(-2.08167e-16 6.93889e-17 0)
(-2.08167e-16 -2.08167e-16 0)
(2.08167e-16 1.73472e-16 0)
(1.38778e-16 3.46945e-16 0)
(-1.04083e-16 3.46945e-16 0)
(0 2.08167e-16 0)
(-6.93889e-17 1.73472e-16 0)
(-2.42861e-16 2.08167e-16 0)
(6.93889e-17 2.77556e-16 0)
(1.73472e-16 2.08167e-16 0)
(-4.85723e-16 -1.38778e-16 0)
(-4.51028e-16 -3.81639e-16 0)
(3.46945e-16 2.77556e-16 0)
(2.77556e-16 1.04083e-16 0)
(-1.38778e-16 1.04083e-16 0)
(-1.38778e-16 1.38778e-16 0)
(0 3.46945e-17 0)
(-3.46945e-17 0 0)
(-6.93889e-17 2.08167e-16 0)
(-3.81639e-16 -2.08167e-16 0)
(-7.97973e-16 -5.89806e-16 0)
(-4.85723e-16 -2.08167e-16 0)
(0 2.77556e-16 0)
(-1.04083e-16 -6.93889e-17 0)
(-3.46945e-17 -1.04083e-16 0)
(-3.46945e-17 3.46945e-17 0)
(-2.42861e-16 -3.46945e-17 0)
(-6.93889e-17 -2.42861e-16 0)
(-1.38778e-16 -6.93889e-17 0)
(-5.89806e-16 -2.42861e-16 0)
(-4.85723e-16 -2.77556e-16 0)
(-6.93889e-17 1.04083e-16 0)
)
;

boundaryField
{
    left
    {
        type            calculated;
        value           nonuniform List<vector> 10((0 -3.1225e-16 0) (0 -5.55112e-16 0) (0 -3.46945e-17 0) (0 2.77556e-16 0) (0 -2.42861e-16 0) (0 -2.08167e-16 0) (0 1.73472e-16 0) (0 1.73472e-16 0) (0 2.77556e-16 0) (0 2.77556e-16 0));
    }
    right
    {
        type            calculated;
        value           nonuniform List<vector> 10((0 0 0) (0 -6.93889e-17 0) (0 1.38778e-16 0) (0 -2.08167e-16 0) (0 -3.1225e-16 0) (0 -1.38778e-16 0) (0 -2.08167e-16 0) (0 -3.81639e-16 0) (0 -2.08167e-16 0) (0 1.04083e-16 0));
    }
    top
    {
        type            calculated;
        value           nonuniform List<vector> 10((0 0 0) (-1.04083e-16 0 0) (-3.46945e-17 0 0) (-3.46945e-17 0 0) (-2.42861e-16 0 0) (-6.93889e-17 0 0) (-1.38778e-16 0 0) (-5.89806e-16 0 0) (-4.85723e-16 0 0) (-6.93889e-17 0 0));
    }
    bottom
    {
        type            calculated;
        value           nonuniform List<vector> 10((-3.46945e-16 0 0) (-5.55112e-16 0 0) (0 0 0) (1.04083e-16 0 0) (-4.85723e-16 0 0) (-4.16334e-16 0 0) (2.77556e-16 0 0) (2.77556e-16 0 0) (2.77556e-16 0 0) (2.08167e-16 0 0));
    }
    defaultFaces
    {
        type            empty;
    }
}


// ************************************************************************* //
