/*--------------------------------*- C++ -*----------------------------------*\
| =========                 |                                                 |
| \\      /  F ield         | OpenFOAM: The Open Source CFD Toolbox           |
|  \\    /   O peration     | Version:  2406                                  |
|   \\  /    A nd           | Website:  www.openfoam.com                      |
|    \\/     M anipulation  |                                                 |
\*---------------------------------------------------------------------------*/
FoamFile
{
    version     2.0;
    format      ascii;
    arch        "LSB;label=32;scalar=64";
    class       volVectorField;
    location    "3.55";
    object      flux;
}
// * * * * * * * * * * * * * * * * * * * * * * * * * * * * * * * * * * * * * //

dimensions      [0 1 -1 1 0 0 0];

internalField   nonuniform List<vector> 
100
(
(-4.29153e-05 -4.76837e-05 0)
(-8.10623e-05 -4.76837e-06 0)
(0 4.76837e-06 0)
(1.90735e-05 2.38419e-05 0)
(-5.72205e-05 0 0)
(-5.24521e-05 -4.76837e-06 0)
(0 4.76837e-06 0)
(4.76837e-06 0 0)
(9.53674e-06 4.76837e-06 0)
(1.90735e-05 -9.53674e-06 0)
(-9.53674e-06 -8.10623e-05 0)
(-2.86102e-05 -2.86102e-05 0)
(2.86102e-05 5.72205e-05 0)
(1.43051e-05 4.76837e-05 0)
(-8.58307e-05 9.53674e-06 0)
(-5.24521e-05 4.76837e-06 0)
(1.43051e-05 2.86102e-05 0)
(0 1.90735e-05 0)
(0 2.38419e-05 0)
(4.76837e-06 4.76837e-06 0)
(1.90735e-05 -1.90735e-05 0)
(6.67572e-05 4.76837e-06 0)
(6.67572e-05 4.29153e-05 0)
(-2.38419e-05 2.38419e-05 0)
(-0.000104904 1.90735e-05 0)
(-3.8147e-05 3.8147e-05 0)
(1.43051e-05 1.90735e-05 0)
(4.76837e-06 -9.53674e-06 0)
(-4.76837e-06 1.90735e-05 0)
(-4.76837e-06 3.33786e-05 0)
(1.90735e-05 3.8147e-05 0)
(3.33786e-05 2.38419e-05 0)
(3.8147e-05 -2.86102e-05 0)
(-9.53674e-06 -3.8147e-05 0)
(-7.15256e-05 -3.33786e-05 0)
(-5.24521e-05 -9.53674e-06 0)
(-3.33786e-05 -2.38419e-05 0)
(4.76837e-06 -2.86102e-05 0)
(4.29153e-05 9.53674e-06 0)
(2.38419e-05 -1.43051e-05 0)
(0 -9.53674e-06 0)
(-4.76837e-06 -1.90735e-05 0)
(2.38419e-05 -4.76837e-05 0)
(-3.8147e-05 -4.76837e-05 0)
(-7.62939e-05 -5.24521e-05 0)
(-2.38419e-05 -1.43051e-05 0)
(0 -2.86102e-05 0)
(3.33786e-05 9.53674e-06 0)
(0 1.43051e-05 0)
(-2.38419e-05 -4.29153e-05 0)
(1.43051e-05 0 0)
(-9.53674e-06 1.43051e-05 0)
(9.53674e-06 -4.76837e-06 0)
(-1.43051e-05 -4.76837e-06 0)
(-3.8147e-05 3.33786e-05 0)
(-2.38419e-05 4.76837e-05 0)
(-1.43051e-05 2.86102e-05 0)
(4.76837e-05 1.90735e-05 0)
(-9.53674e-06 -4.76837e-06 0)
(-3.33786e-05 -1.90735e-05 0)
(1.43051e-05 6.67572e-05 0)
(-4.76837e-06 6.67572e-05 0)
(0 7.62939e-05 0)
(4.76837e-06 3.8147e-05 0)
(-2.86102e-05 6.67572e-05 0)
(-3.33786e-05 5.72205e-05 0)
(-2.38419e-05 4.76837e-05 0)
(0 2.86102e-05 0)
(-3.33786e-05 -9.53674e-06 0)
(-4.29153e-05 -2.86102e-05 0)
(1.43051e-05 6.19888e-05 0)
(0 8.10623e-05 0)
(-2.38419e-05 8.58307e-05 0)
(-1.90735e-05 4.76837e-05 0)
(-1.43051e-05 4.76837e-05 0)
(-4.29153e-05 5.24521e-05 0)
(-4.76837e-05 4.29153e-05 0)
(-1.43051e-05 1.90735e-05 0)
(-6.19888e-05 -2.86102e-05 0)
(-4.76837e-05 -4.29153e-05 0)
(3.33786e-05 4.76837e-05 0)
(1.43051e-05 3.33786e-05 0)
(-3.33786e-05 1.90735e-05 0)
(-3.33786e-05 3.8147e-05 0)
(-1.90735e-05 1.43051e-05 0)
(-4.29153e-05 -1.43051e-05 0)
(-6.19888e-05 1.90735e-05 0)
(-6.19888e-05 -1.43051e-05 0)
(-9.53674e-05 -6.67572e-05 0)
(-5.24521e-05 -2.38419e-05 0)
(0 3.33786e-05 0)
(-2.86102e-05 0 0)
(-1.43051e-05 -9.53674e-06 0)
(-2.38419e-05 1.90735e-05 0)
(-6.67572e-05 0 0)
(-4.29153e-05 -2.86102e-05 0)
(-5.24521e-05 -9.53674e-06 0)
(-0.000100136 -1.90735e-05 0)
(-6.67572e-05 -3.8147e-05 0)
(-1.43051e-05 4.76837e-06 0)
)
;

boundaryField
{
    left
    {
        type            calculated;
        value           nonuniform List<vector> 10((0 -4.76837e-05 0) (0 -8.10623e-05 0) (0 -1.90735e-05 0) (0 3.8147e-05 0) (0 -9.53674e-06 0) (0 0 0) (0 6.67572e-05 0) (0 6.19888e-05 0) (0 4.76837e-05 0) (0 3.33786e-05 0));
    }
    right
    {
        type            calculated;
        value           nonuniform List<vector> 10((0 -9.53674e-06 0) (0 4.76837e-06 0) (0 3.33786e-05 0) (0 -1.43051e-05 0) (0 -4.29153e-05 0) (0 -1.90735e-05 0) (0 -2.86102e-05 0) (0 -4.29153e-05 0) (0 -2.38419e-05 0) (0 4.76837e-06 0));
    }
    top
    {
        type            calculated;
        value           nonuniform List<vector> 10((0 0 0) (-2.86102e-05 0 0) (-1.43051e-05 0 0) (-2.38419e-05 0 0) (-6.67572e-05 0 0) (-4.29153e-05 0 0) (-5.24521e-05 0 0) (-0.000100136 0 0) (-6.67572e-05 0 0) (-1.43051e-05 0 0));
    }
    bottom
    {
        type            calculated;
        value           nonuniform List<vector> 10((-4.29153e-05 0 0) (-8.10623e-05 0 0) (0 0 0) (1.90735e-05 0 0) (-5.72205e-05 0 0) (-5.24521e-05 0 0) (0 0 0) (4.76837e-06 0 0) (9.53674e-06 0 0) (1.90735e-05 0 0));
    }
    defaultFaces
    {
        type            empty;
    }
}


// ************************************************************************* //
