/*--------------------------------*- C++ -*----------------------------------*\
| =========                 |                                                 |
| \\      /  F ield         | OpenFOAM: The Open Source CFD Toolbox           |
|  \\    /   O peration     | Version:  2406                                  |
|   \\  /    A nd           | Website:  www.openfoam.com                      |
|    \\/     M anipulation  |                                                 |
\*---------------------------------------------------------------------------*/
FoamFile
{
    version     2.0;
    format      ascii;
    arch        "LSB;label=32;scalar=64";
    class       volVectorField;
    location    "9.6";
    object      flux;
}
// * * * * * * * * * * * * * * * * * * * * * * * * * * * * * * * * * * * * * //

dimensions      [0 1 -1 1 0 0 0];

internalField   nonuniform List<vector> 
100
(
(-3.24663e+22 -3.24663e+22 0)
(-6.7884e+22 -1.18059e+22 0)
(-1.47574e+22 1.47574e+22 0)
(2.95148e+21 2.36118e+22 0)
(-6.19811e+22 0 0)
(-5.60781e+22 0 0)
(0 1.47574e+22 0)
(2.95148e+21 8.85444e+21 0)
(2.65633e+22 8.85444e+21 0)
(2.65633e+22 -5.90296e+21 0)
(-1.47574e+22 -6.7884e+22 0)
(-1.47574e+22 -8.85444e+21 0)
(2.36118e+22 5.60781e+22 0)
(-1.47574e+22 5.90296e+22 0)
(-8.55929e+22 1.18059e+22 0)
(-4.13207e+22 1.47574e+22 0)
(1.18059e+22 2.95148e+22 0)
(-2.95148e+21 3.24663e+22 0)
(1.18059e+22 3.24663e+22 0)
(1.77089e+22 1.18059e+22 0)
(2.06604e+22 2.95148e+21 0)
(5.90296e+22 2.95148e+22 0)
(5.01751e+22 4.42722e+22 0)
(-4.13207e+22 3.24663e+22 0)
(-1.03302e+23 2.95148e+22 0)
(-3.83692e+22 4.72237e+22 0)
(1.18059e+22 2.36118e+22 0)
(8.85444e+21 2.95148e+21 0)
(5.90296e+21 3.24663e+22 0)
(2.95148e+21 3.54177e+22 0)
(1.47574e+22 5.60781e+22 0)
(2.65633e+22 3.24663e+22 0)
(2.36118e+22 -1.18059e+22 0)
(-3.24663e+22 -2.65633e+22 0)
(-6.7884e+22 -1.18059e+22 0)
(-4.72237e+22 1.18059e+22 0)
(-2.65633e+22 -5.90296e+21 0)
(2.95148e+21 -1.18059e+22 0)
(3.83692e+22 2.06604e+22 0)
(2.06604e+22 -8.85444e+21 0)
(2.95148e+21 -2.95148e+21 0)
(-1.18059e+22 -2.95148e+21 0)
(0 -3.54177e+22 0)
(-4.42722e+22 -2.95148e+22 0)
(-7.08355e+22 -3.83692e+22 0)
(-3.24663e+22 -8.85444e+21 0)
(-5.90296e+21 -1.47574e+22 0)
(3.24663e+22 1.18059e+22 0)
(8.85444e+21 1.47574e+22 0)
(-2.36118e+22 -3.24663e+22 0)
(1.47574e+22 0 0)
(-1.47574e+22 1.18059e+22 0)
(-8.85444e+21 0 0)
(-2.95148e+22 8.85444e+21 0)
(-4.13207e+22 4.72237e+22 0)
(-2.65633e+22 5.01751e+22 0)
(-1.47574e+22 2.95148e+22 0)
(4.13207e+22 1.77089e+22 0)
(-8.85444e+21 -8.85444e+21 0)
(-3.24663e+22 -2.06604e+22 0)
(1.18059e+22 3.83692e+22 0)
(-2.95148e+21 4.42722e+22 0)
(-2.95148e+21 5.60781e+22 0)
(-5.90296e+21 4.13207e+22 0)
(-3.24663e+22 7.08355e+22 0)
(-4.13207e+22 5.60781e+22 0)
(-3.54177e+22 5.01751e+22 0)
(-5.90296e+21 3.24663e+22 0)
(-2.36118e+22 0 0)
(-2.95148e+22 -5.90296e+21 0)
(1.77089e+22 3.54177e+22 0)
(8.85444e+21 5.60781e+22 0)
(-1.18059e+22 6.49325e+22 0)
(-1.47574e+22 3.54177e+22 0)
(-2.36118e+22 3.83692e+22 0)
(-5.31266e+22 4.13207e+22 0)
(-4.13207e+22 3.54177e+22 0)
(-1.47574e+22 2.06604e+22 0)
(-5.31266e+22 -8.85444e+21 0)
(-3.83692e+22 -4.13207e+22 0)
(3.24663e+22 4.72237e+22 0)
(2.36118e+22 2.65633e+22 0)
(-2.36118e+22 1.77089e+22 0)
(-2.95148e+22 1.47574e+22 0)
(-2.65633e+22 5.90296e+21 0)
(-5.01751e+22 -1.18059e+22 0)
(-4.72237e+22 1.77089e+22 0)
(-5.01751e+22 -1.77089e+22 0)
(-8.85444e+22 -5.90296e+22 0)
(-5.90296e+22 -3.54177e+22 0)
(0 2.95148e+22 0)
(-2.06604e+22 -2.95148e+21 0)
(-2.06604e+22 -1.18059e+22 0)
(-2.65633e+22 2.95148e+21 0)
(-4.72237e+22 -8.85444e+21 0)
(-3.83692e+22 -1.77089e+22 0)
(-5.01751e+22 0 0)
(-9.73988e+22 -2.06604e+22 0)
(-6.49325e+22 -5.01751e+22 0)
(-1.18059e+22 2.95148e+21 0)
)
;

boundaryField
{
    left
    {
        type            calculated;
        value           nonuniform List<vector> 10((0 -3.24663e+22 0) (0 -6.7884e+22 0) (0 2.95148e+21 0) (0 5.60781e+22 0) (0 -2.95148e+21 0) (0 0 0) (0 3.83692e+22 0) (0 3.54177e+22 0) (0 4.72237e+22 0) (0 2.95148e+22 0));
    }
    right
    {
        type            calculated;
        value           nonuniform List<vector> 10((0 -5.90296e+21 0) (0 1.18059e+22 0) (0 3.54177e+22 0) (0 -8.85444e+21 0) (0 -3.24663e+22 0) (0 -2.06604e+22 0) (0 -5.90296e+21 0) (0 -4.13207e+22 0) (0 -3.54177e+22 0) (0 2.95148e+21 0));
    }
    top
    {
        type            calculated;
        value           nonuniform List<vector> 10((0 0 0) (-2.06604e+22 0 0) (-2.06604e+22 0 0) (-2.65633e+22 0 0) (-4.72237e+22 0 0) (-3.83692e+22 0 0) (-5.01751e+22 0 0) (-9.73988e+22 0 0) (-6.49325e+22 0 0) (-1.18059e+22 0 0));
    }
    bottom
    {
        type            calculated;
        value           nonuniform List<vector> 10((-3.24663e+22 0 0) (-6.7884e+22 0 0) (-1.47574e+22 0 0) (2.95148e+21 0 0) (-6.19811e+22 0 0) (-5.60781e+22 0 0) (0 0 0) (2.95148e+21 0 0) (2.65633e+22 0 0) (2.65633e+22 0 0));
    }
    defaultFaces
    {
        type            empty;
    }
}


// ************************************************************************* //
