/*--------------------------------*- C++ -*----------------------------------*\
| =========                 |                                                 |
| \\      /  F ield         | OpenFOAM: The Open Source CFD Toolbox           |
|  \\    /   O peration     | Version:  2406                                  |
|   \\  /    A nd           | Website:  www.openfoam.com                      |
|    \\/     M anipulation  |                                                 |
\*---------------------------------------------------------------------------*/
FoamFile
{
    version     2.0;
    format      ascii;
    arch        "LSB;label=32;scalar=64";
    class       volVectorField;
    location    "2.6";
    object      flux;
}
// * * * * * * * * * * * * * * * * * * * * * * * * * * * * * * * * * * * * * //

dimensions      [0 1 -1 1 0 0 0];

internalField   nonuniform List<vector> 
100
(
(-2.03727e-09 -2.03727e-09 0)
(-3.20142e-09 -5.82077e-10 0)
(2.91038e-10 8.73115e-10 0)
(1.16415e-09 1.74623e-09 0)
(-3.49246e-09 2.91038e-10 0)
(-3.20142e-09 -5.82077e-10 0)
(-2.91038e-10 1.16415e-09 0)
(2.91038e-10 8.73115e-10 0)
(1.45519e-09 2.91038e-10 0)
(2.32831e-09 -5.82077e-10 0)
(-2.91038e-10 -4.36557e-09 0)
(-5.82077e-10 -1.16415e-09 0)
(2.61934e-09 2.91038e-09 0)
(5.82077e-10 2.61934e-09 0)
(-5.52973e-09 8.73115e-10 0)
(-2.61934e-09 0 0)
(8.73115e-10 1.74623e-09 0)
(-2.91038e-10 1.45519e-09 0)
(5.82077e-10 2.03727e-09 0)
(1.45519e-09 5.82077e-10 0)
(8.73115e-10 -8.73115e-10 0)
(3.49246e-09 -2.91038e-10 0)
(4.36557e-09 1.45519e-09 0)
(-1.16415e-09 2.91038e-10 0)
(-6.1118e-09 8.73115e-10 0)
(-2.03727e-09 2.32831e-09 0)
(1.45519e-09 2.91038e-10 0)
(0 -2.91038e-10 0)
(5.82077e-10 2.03727e-09 0)
(2.91038e-10 1.45519e-09 0)
(5.82077e-10 2.03727e-09 0)
(1.45519e-09 1.45519e-09 0)
(3.20142e-09 -1.45519e-09 0)
(0 -2.03727e-09 0)
(-3.49246e-09 -1.74623e-09 0)
(-3.49246e-09 5.82077e-10 0)
(-1.45519e-09 -1.74623e-09 0)
(1.45519e-09 -1.16415e-09 0)
(2.61934e-09 2.91038e-10 0)
(1.16415e-09 -8.73115e-10 0)
(2.91038e-10 0 0)
(5.82077e-10 -2.91038e-10 0)
(1.16415e-09 -2.32831e-09 0)
(-1.45519e-09 -2.61934e-09 0)
(-3.7835e-09 -3.20142e-09 0)
(-1.74623e-09 -8.73115e-10 0)
(-2.91038e-10 -8.73115e-10 0)
(2.03727e-09 -2.91038e-10 0)
(5.82077e-10 0 0)
(-1.16415e-09 -2.61934e-09 0)
(0 0 0)
(-8.73115e-10 8.73115e-10 0)
(2.91038e-10 0 0)
(-2.91038e-10 -5.82077e-10 0)
(-1.45519e-09 1.74623e-09 0)
(-1.45519e-09 2.03727e-09 0)
(-8.73115e-10 2.32831e-09 0)
(2.91038e-09 1.16415e-09 0)
(0 0 0)
(-1.45519e-09 -8.73115e-10 0)
(1.16415e-09 3.20142e-09 0)
(2.91038e-10 3.7835e-09 0)
(0 4.07454e-09 0)
(0 1.74623e-09 0)
(-1.16415e-09 3.20142e-09 0)
(-1.16415e-09 2.61934e-09 0)
(-1.16415e-09 3.20142e-09 0)
(-2.91038e-10 2.61934e-09 0)
(-1.16415e-09 5.82077e-10 0)
(-2.03727e-09 -1.16415e-09 0)
(8.73115e-10 4.07454e-09 0)
(2.91038e-10 4.94765e-09 0)
(-1.74623e-09 4.65661e-09 0)
(-1.16415e-09 2.61934e-09 0)
(-8.73115e-10 1.74623e-09 0)
(-1.45519e-09 2.61934e-09 0)
(-1.16415e-09 1.74623e-09 0)
(0 1.45519e-09 0)
(-3.49246e-09 -1.45519e-09 0)
(-3.7835e-09 -3.20142e-09 0)
(2.03727e-09 2.61934e-09 0)
(8.73115e-10 1.74623e-09 0)
(-2.03727e-09 2.03727e-09 0)
(-2.91038e-09 2.61934e-09 0)
(-1.45519e-09 2.91038e-10 0)
(-1.16415e-09 -8.73115e-10 0)
(-1.74623e-09 8.73115e-10 0)
(-3.7835e-09 -1.74623e-09 0)
(-5.82077e-09 -4.94765e-09 0)
(-3.49246e-09 -2.32831e-09 0)
(2.91038e-10 1.16415e-09 0)
(-5.82077e-10 -5.82077e-10 0)
(-5.82077e-10 -2.91038e-10 0)
(-3.20142e-09 1.16415e-09 0)
(-3.7835e-09 -5.82077e-10 0)
(-1.16415e-09 -1.45519e-09 0)
(-2.03727e-09 -5.82077e-10 0)
(-5.52973e-09 -1.45519e-09 0)
(-4.36557e-09 -2.03727e-09 0)
(-1.45519e-09 -2.91038e-10 0)
)
;

boundaryField
{
    left
    {
        type            calculated;
        value           nonuniform List<vector> 10((0 -2.03727e-09 0) (0 -4.36557e-09 0) (0 -8.73115e-10 0) (0 2.03727e-09 0) (0 0 0) (0 0 0) (0 3.20142e-09 0) (0 4.07454e-09 0) (0 2.61934e-09 0) (0 1.16415e-09 0));
    }
    right
    {
        type            calculated;
        value           nonuniform List<vector> 10((0 -5.82077e-10 0) (0 5.82077e-10 0) (0 1.45519e-09 0) (0 -8.73115e-10 0) (0 -2.61934e-09 0) (0 -8.73115e-10 0) (0 -1.16415e-09 0) (0 -3.20142e-09 0) (0 -2.32831e-09 0) (0 -2.91038e-10 0));
    }
    top
    {
        type            calculated;
        value           nonuniform List<vector> 10((2.91038e-10 0 0) (-5.82077e-10 0 0) (-5.82077e-10 0 0) (-3.20142e-09 0 0) (-3.7835e-09 0 0) (-1.16415e-09 0 0) (-2.03727e-09 0 0) (-5.52973e-09 0 0) (-4.36557e-09 0 0) (-1.45519e-09 0 0));
    }
    bottom
    {
        type            calculated;
        value           nonuniform List<vector> 10((-2.03727e-09 0 0) (-3.20142e-09 0 0) (2.91038e-10 0 0) (1.16415e-09 0 0) (-3.49246e-09 0 0) (-3.20142e-09 0 0) (-2.91038e-10 0 0) (2.91038e-10 0 0) (1.45519e-09 0 0) (2.32831e-09 0 0));
    }
    defaultFaces
    {
        type            empty;
    }
}


// ************************************************************************* //
