/*--------------------------------*- C++ -*----------------------------------*\
| =========                 |                                                 |
| \\      /  F ield         | OpenFOAM: The Open Source CFD Toolbox           |
|  \\    /   O peration     | Version:  v2012                                 |
|   \\  /    A nd           | Website:  www.openfoam.com                      |
|    \\/     M anipulation  |                                                 |
\*---------------------------------------------------------------------------*/
FoamFile
{
    version     2.0;
    format      ascii;
    class       volScalarField;
    location    "0.1";
    object      gradTy;
}
// * * * * * * * * * * * * * * * * * * * * * * * * * * * * * * * * * * * * * //

dimensions      [0 -1 0 1 0 0 0];


internalField   nonuniform List<scalar> 
5000
(
0
1.60301e-12
1.92361e-11
1.76331e-11
1.44271e-11
-6.41205e-12
2.08392e-11
-1.60301e-12
1.92361e-11
3.20602e-12
1.28241e-11
1.28241e-11
2.40452e-11
3.20602e-12
1.12211e-11
-3.20602e-12
3.20602e-12
2.08392e-11
4.80904e-12
4.80904e-12
-1.12211e-11
3.20602e-12
-3.20602e-12
1.92361e-11
4.80904e-12
3.20602e-12
3.20602e-12
2.08392e-11
0
3.20602e-12
2.08392e-11
-3.20602e-12
3.20602e-12
3.20602e-12
0
1.60301e-11
-6.41205e-12
1.60301e-11
-6.41205e-12
1.60301e-11
0
-6.41205e-12
3.20602e-12
2.24422e-11
3.20602e-12
3.20602e-12
1.12211e-11
3.20602e-12
3.20602e-12
3.20602e-12
3.20602e-12
3.20602e-12
3.20602e-12
3.20602e-12
9.61807e-12
3.20602e-12
3.20602e-12
-8.01506e-12
0
0
9.61807e-12
2.08392e-11
0
-2.08392e-11
0
3.20602e-12
9.61807e-12
3.20602e-12
-2.08392e-11
0
-2.08392e-11
-2.08392e-11
1.12211e-11
-6.41205e-12
0
6.41205e-12
3.20602e-12
-8.01506e-12
-4.80904e-12
-1.28241e-11
2.08392e-11
3.20602e-12
1.60301e-12
-8.01506e-12
1.12211e-11
1.60301e-11
1.12211e-11
-1.28241e-11
1.12211e-11
0
0
3.20602e-12
9.61807e-12
1.60301e-11
1.12211e-11
1.76331e-11
0
3.20602e-12
-8.01506e-12
-4.80904e-12
1.62585e-12
0
-1.62585e-12
0
-8.12924e-12
-2.1136e-11
0
-8.12924e-12
-3.2517e-12
0
-3.2517e-12
-3.2517e-12
-3.2517e-12
1.62585e-12
-8.12924e-12
-4.87755e-12
0
0
0
0
-1.13809e-11
0
-6.5034e-12
-3.2517e-12
0
1.62585e-12
0
0
-2.1136e-11
0
0
-3.2517e-12
0
0
-2.1136e-11
-4.87755e-12
-8.12924e-12
-4.87755e-12
-8.12924e-12
-4.87755e-12
-2.1136e-11
-8.12924e-12
0
1.62585e-12
0
0
-8.12924e-12
0
0
0
0
0
0
0
0
0
0
-9.75509e-12
0
0
0
0
0
-2.1136e-11
0
0
0
8.12924e-12
0
0
-2.1136e-11
-2.1136e-11
-8.12924e-12
-8.12924e-12
-1.62585e-12
-1.62585e-12
0
-9.75509e-12
1.62585e-11
0
0
0
1.62585e-12
8.12924e-12
0
-4.87755e-12
-8.12924e-12
-1.95102e-11
-8.12924e-12
0
0
0
0
-1.62585e-12
-8.12924e-12
-6.5034e-12
0
0
-9.75509e-12
-8.12924e-12
-1.64901e-12
0
-2.30862e-11
-1.64901e-11
-1.97881e-11
-1.48411e-11
-1.81391e-11
-4.94703e-12
-2.14371e-11
1.64901e-12
-1.48411e-11
0
-2.14371e-11
-1.64901e-12
-1.81391e-11
0
0
-1.15431e-11
-1.64901e-12
-4.94703e-12
-4.94703e-12
0
-3.29802e-12
-1.81391e-11
-1.64901e-12
0
0
-2.14371e-11
-1.81391e-11
0
-2.14371e-11
0
0
0
-1.48411e-11
-2.14371e-11
0
-1.81391e-11
0
-1.81391e-11
-1.81391e-11
0
0
-1.81391e-11
-3.29802e-12
0
-2.14371e-11
-6.59605e-12
0
6.59605e-12
0
0
1.64901e-12
0
-4.94703e-12
0
3.29802e-12
3.29802e-12
4.94703e-12
3.29802e-12
-4.94703e-12
-1.81391e-11
3.29802e-12
3.29802e-12
4.94703e-12
0
-4.94703e-12
0
0
3.29802e-12
4.94703e-12
3.29802e-12
-1.81391e-11
1.64901e-12
0
-6.59605e-12
0
3.29802e-12
4.94703e-12
-4.94703e-12
-1.81391e-11
0
0
1.64901e-12
-1.81391e-11
-1.64901e-11
-1.81391e-11
-4.94703e-12
-1.81391e-11
4.94703e-12
3.29802e-12
0
-9.89407e-12
-1.48411e-11
-1.81391e-11
-2.14371e-11
0
-3.29802e-12
3.29802e-12
0
-5.01751e-12
2.007e-11
2.17426e-11
2.007e-11
1.83975e-11
2.17426e-11
2.17426e-11
8.36252e-12
8.36252e-12
2.17426e-11
8.36252e-12
0
1.0035e-11
6.69002e-12
2.17426e-11
5.01751e-12
2.17426e-11
2.007e-11
2.17426e-11
0
0
6.69002e-12
0
1.6725e-12
0
-1.6725e-12
0
0
2.007e-11
1.6725e-12
3.34501e-12
0
0
1.6725e-12
0
0
0
0
1.6725e-12
0
1.6725e-12
1.6725e-12
2.17426e-11
0
0
0
0
0
1.17075e-11
2.007e-11
8.36252e-12
0
0
8.36252e-12
8.36252e-12
8.36252e-12
8.36252e-12
0
0
1.6725e-12
0
0
0
0
2.17426e-11
2.17426e-11
2.17426e-11
-6.69002e-12
-1.338e-11
0
0
0
0
0
0
1.6725e-12
0
-6.69002e-12
-2.17426e-11
-2.17426e-11
0
8.36252e-12
0
-1.50525e-11
-8.36252e-12
-5.01751e-12
-5.01751e-12
-5.01751e-12
0
6.69002e-12
1.6725e-12
0
0
3.34501e-12
0
0
0
0
-3.34501e-12
0
-1.69633e-12
-5.08899e-12
0
-5.08899e-12
0
-6.78532e-12
-3.39266e-12
-1.69633e-12
-1.5267e-11
-5.08899e-12
0
-1.35706e-11
-6.78532e-12
-1.5267e-11
-5.08899e-12
-3.39266e-12
-3.39266e-12
-1.5267e-11
-3.39266e-12
-1.35706e-11
-5.08899e-12
-3.39266e-12
0
-1.69633e-12
-3.39266e-12
-1.69633e-11
-3.39266e-12
-1.35706e-11
-1.69633e-12
-1.69633e-12
-1.5267e-11
-3.39266e-12
-1.69633e-11
-1.69633e-11
-6.78532e-12
-1.35706e-11
-3.39266e-12
-1.69633e-11
-1.69633e-12
-1.69633e-11
-1.69633e-12
-1.69633e-12
-1.86596e-11
-3.39266e-12
0
-1.69633e-11
0
-1.0178e-11
-1.69633e-11
-2.37486e-11
-1.69633e-11
-1.69633e-11
-1.86596e-11
-1.69633e-12
-1.86596e-11
-1.69633e-11
-8.48166e-12
-1.69633e-11
-1.86596e-11
-1.69633e-12
-1.86596e-11
-1.69633e-11
-5.08899e-12
-5.08899e-12
-6.78532e-12
-3.39266e-12
-2.0356e-11
-1.69633e-12
-1.69633e-12
-1.69633e-11
-5.08899e-12
-5.08899e-12
-3.39266e-12
-5.08899e-12
-3.39266e-12
-1.69633e-11
-3.39266e-12
-1.69633e-12
-6.78532e-12
-3.39266e-12
-3.39266e-12
-3.39266e-12
-1.35706e-11
-5.08899e-12
-1.69633e-11
-1.86596e-11
-1.69633e-12
-1.86596e-11
-1.69633e-11
-5.08899e-12
-1.69633e-11
-3.39266e-12
-2.0356e-11
-3.39266e-12
-3.39266e-12
0
-1.69633e-12
0
-1.69633e-12
-5.08899e-12
0
-2.0646e-11
-2.0646e-11
-2.23665e-11
-2.23665e-11
-1.7205e-11
-2.23665e-11
-8.60249e-12
-3.441e-12
-1.7205e-11
-8.60249e-12
3.441e-12
-6.88199e-12
-1.54845e-11
-2.23665e-11
-6.88199e-12
-2.23665e-11
-1.7205e-11
-2.23665e-11
1.7205e-12
-1.7205e-12
-3.441e-12
3.441e-12
-3.441e-12
-3.441e-12
1.7205e-12
0
1.7205e-12
-2.23665e-11
-3.441e-12
0
0
1.7205e-12
-5.16149e-12
0
-3.441e-12
-2.0646e-11
1.7205e-12
-3.441e-12
1.7205e-12
-3.441e-12
-8.60249e-12
-3.61305e-11
0
0
1.7205e-12
3.441e-12
-1.54845e-11
-1.0323e-11
-1.89255e-11
-1.20435e-11
-2.23665e-11
1.7205e-12
-1.0323e-11
-2.4087e-11
-3.0969e-11
-8.60249e-12
1.7205e-12
0
-1.7205e-11
3.441e-12
1.7205e-12
0
-2.23665e-11
-2.23665e-11
-2.23665e-11
-1.89255e-11
-3.441e-12
-8.60249e-12
-2.23665e-11
0
0
0
-2.0646e-11
-1.7205e-12
0
0
5.16149e-12
-2.23665e-11
-1.7205e-12
0
-2.4087e-11
1.7205e-12
0
1.7205e-12
-1.7205e-11
0
6.88199e-12
1.7205e-12
-6.88199e-12
0
-1.7205e-12
1.7205e-12
0
0
0
0
-2.0646e-11
1.7205e-12
-1.7205e-12
1.74501e-12
-1.74501e-12
0
0
0
6.98003e-12
-5.23503e-12
0
1.22151e-11
0
-1.74501e-12
0
6.98003e-12
6.98003e-12
5.23503e-12
-5.23503e-12
-5.23503e-12
5.23503e-12
0
1.04701e-11
1.74501e-12
0
-6.98003e-12
0
-1.74501e-12
1.22151e-11
0
1.22151e-11
0
0
1.22151e-11
0
1.22151e-11
1.39601e-11
0
6.98003e-12
0
1.22151e-11
0
6.98003e-12
0
-3.49002e-12
1.57051e-11
0
0
1.22151e-11
0
1.57051e-11
1.22151e-11
1.22151e-11
6.98003e-12
1.57051e-11
6.98003e-12
-5.23503e-12
1.57051e-11
1.57051e-11
1.74501e-12
1.22151e-11
1.22151e-11
-5.23503e-12
1.39601e-11
1.22151e-11
1.74501e-12
3.49002e-12
-3.49002e-12
0
1.22151e-11
-5.23503e-12
-1.74501e-12
-8.72504e-12
0
-1.74501e-12
-5.23503e-12
0
0
1.22151e-11
-1.74501e-11
-3.49002e-12
0
0
0
3.49002e-12
8.72504e-12
-1.74501e-11
1.04701e-11
1.04701e-11
-1.74501e-12
3.49002e-12
-8.72504e-12
-1.74501e-12
1.22151e-11
0
1.57051e-11
-1.91951e-11
0
-3.49002e-12
-1.74501e-12
-2.26851e-11
0
0
0
-2.6548e-11
-1.94686e-11
-2.30083e-11
-2.30083e-11
-2.83179e-11
-5.30961e-12
0
-2.47782e-11
-2.6548e-11
-2.30083e-11
-2.83179e-11
-3.53974e-12
-1.06192e-11
-2.47782e-11
0
-1.94686e-11
-2.83179e-11
0
-1.76987e-11
-2.12384e-11
-2.47782e-11
-2.12384e-11
-1.76987e-11
-1.41589e-11
-3.53974e-12
-3.53974e-12
-2.12384e-11
-3.53974e-12
-2.12384e-11
0
-3.53974e-12
-3.53974e-12
0
-2.12384e-11
1.76987e-12
1.76987e-11
-1.76987e-12
0
-3.53974e-12
-2.12384e-11
7.07947e-12
8.84934e-12
-2.12384e-11
0
-3.53974e-12
-2.83179e-11
1.06192e-11
0
-2.12384e-11
5.30961e-12
2.47782e-11
0
-2.30083e-11
1.41589e-11
1.59288e-11
-7.07947e-12
-3.53974e-12
0
-8.84934e-12
-5.30961e-12
0
0
2.12384e-11
0
-5.30961e-12
3.53974e-12
5.30961e-12
0
1.94686e-11
3.53974e-12
-5.30961e-12
-2.30083e-11
1.76987e-11
0
3.53974e-12
3.53974e-12
0
2.47782e-11
-1.94686e-11
0
5.30961e-12
0
3.53974e-12
-2.30083e-11
1.76987e-11
-1.94686e-11
0
0
0
0
0
-1.76987e-12
-3.53974e-12
3.53974e-12
7.07947e-12
0
2.30083e-11
0
1.76987e-12
0
3.59017e-12
1.79508e-12
0
0
0
7.18033e-12
0
0
0
1.79508e-12
1.79508e-12
0
1.07705e-11
0
8.97541e-12
2.33361e-11
3.59017e-12
0
5.38525e-12
3.59017e-12
0
1.25656e-11
1.79508e-12
5.38525e-12
0
0
0
0
0
0
0
0
0
0
7.18033e-12
0
0
0
7.18033e-12
0
1.79508e-12
0
3.59017e-12
0
0
3.59017e-12
0
0
0
5.38525e-12
0
5.38525e-12
7.18033e-12
0
0
0
0
0
7.18033e-12
0
5.38525e-12
0
5.38525e-12
5.38525e-12
0
0
1.25656e-11
3.59017e-12
2.33361e-11
0
7.18033e-12
8.97541e-12
0
0
0
1.43607e-11
3.59017e-12
3.59017e-12
2.1541e-11
0
0
3.59017e-12
1.43607e-11
3.59017e-12
5.38525e-12
3.59017e-12
8.97541e-12
2.1541e-11
1.79508e-12
0
1.79508e-12
5.38525e-12
2.33361e-11
0
1.07705e-11
3.59017e-12
2.69262e-11
1.07705e-11
3.59017e-12
-7.28263e-12
1.63859e-11
1.27446e-11
2.00272e-11
1.09239e-11
2.36685e-11
-1.82066e-11
-5.46197e-12
1.82066e-11
9.10328e-12
1.82066e-11
2.36685e-11
0
1.82066e-12
2.00272e-11
0
1.63859e-11
2.18479e-11
-1.27446e-11
1.82066e-12
1.63859e-11
9.10328e-12
1.82066e-12
1.63859e-11
1.45653e-11
-9.10328e-12
3.64131e-12
9.10328e-12
-9.10328e-12
0
-5.46197e-12
-9.10328e-12
3.64131e-12
-1.82066e-12
9.10328e-12
-3.64131e-12
3.64131e-12
-1.82066e-12
0
-3.64131e-12
1.63859e-11
-2.18479e-11
5.46197e-12
2.36685e-11
-2.18479e-11
-1.82066e-12
1.63859e-11
-1.82066e-11
-1.27446e-11
2.18479e-11
0
-1.63859e-11
-1.27446e-11
9.10328e-12
-1.27446e-11
-7.28263e-12
-1.82066e-12
3.64131e-12
-1.09239e-11
2.18479e-11
-1.82066e-12
-1.45653e-11
0
0
0
5.46197e-12
-3.64131e-12
-7.28263e-12
-9.10328e-12
3.64131e-12
-1.63859e-11
0
2.36685e-11
3.64131e-12
-3.64131e-12
-1.63859e-11
0
0
-1.63859e-11
2.00272e-11
0
7.28263e-12
0
-1.27446e-11
2.18479e-11
0
2.18479e-11
-3.64131e-12
-1.27446e-11
1.27446e-11
-3.64131e-12
3.64131e-12
1.27446e-11
-9.10328e-12
-3.64131e-12
-2.00272e-11
0
0
-5.46197e-12
-1.45653e-11
0
-9.23297e-12
-1.10796e-11
-9.23297e-12
-1.66193e-11
0
-2.40057e-11
-2.21591e-11
-1.66193e-11
-1.84659e-12
-2.21591e-11
-1.10796e-11
-5.53978e-12
-9.23297e-12
-1.84659e-11
-1.29262e-11
-2.95455e-11
-1.84659e-11
-1.84659e-12
0
-3.69319e-12
-2.40057e-11
-3.69319e-12
-1.84659e-12
0
-1.66193e-11
-1.47728e-11
0
-9.23297e-12
-9.23297e-12
0
-1.66193e-11
-5.53978e-12
0
-9.23297e-12
-2.40057e-11
-5.53978e-12
-5.53978e-12
-5.53978e-12
-5.53978e-12
-2.03125e-11
-1.47728e-11
-1.10796e-11
-5.53978e-12
-9.23297e-12
-1.66193e-11
-1.10796e-11
0
-1.66193e-11
-1.10796e-11
-1.47728e-11
-1.66193e-11
-1.84659e-12
-2.40057e-11
-1.66193e-11
-7.38638e-12
-9.23297e-12
-1.84659e-12
-2.40057e-11
-5.53978e-12
-2.40057e-11
-1.29262e-11
-2.21591e-11
-7.38638e-12
-2.21591e-11
-5.53978e-12
-5.53978e-12
-2.03125e-11
-9.23297e-12
-9.23297e-12
-7.38638e-12
-1.84659e-11
-3.69319e-12
0
0
-2.40057e-11
-5.53978e-12
-5.53978e-12
-2.40057e-11
-3.13921e-11
0
-1.84659e-12
-5.53978e-12
-2.40057e-11
-1.84659e-12
-2.40057e-11
-5.53978e-12
-1.66193e-11
-1.84659e-12
-2.40057e-11
-7.38638e-12
-2.58523e-11
-7.38638e-12
-2.40057e-11
-1.47728e-11
-1.47728e-11
-2.21591e-11
-1.47728e-11
-1.66193e-11
-7.38638e-12
7.49161e-12
7.49161e-12
5.6187e-12
1.8729e-12
1.31103e-11
-1.8729e-12
1.68561e-11
3.7458e-12
7.49161e-12
1.12374e-11
3.7458e-12
-5.6187e-12
-3.7458e-12
1.31103e-11
1.8729e-12
-1.8729e-12
1.8729e-12
0
3.7458e-12
1.31103e-11
3.7458e-12
1.12374e-11
1.31103e-11
-1.8729e-12
-9.36451e-12
1.68561e-11
-2.24748e-11
3.7458e-12
9.36451e-12
1.31103e-11
-3.7458e-12
1.68561e-11
-7.49161e-12
-1.49832e-11
0
-1.49832e-11
-3.7458e-12
5.6187e-12
0
7.49161e-12
-3.7458e-12
0
1.8729e-12
-9.36451e-12
2.24748e-11
9.36451e-12
-1.12374e-11
2.06019e-11
1.68561e-11
-2.06019e-11
-7.49161e-12
1.49832e-11
3.7458e-12
1.49832e-11
1.49832e-11
1.49832e-11
1.8729e-12
-9.36451e-12
1.49832e-11
-3.7458e-12
-1.8729e-12
7.49161e-12
0
0
0
-3.7458e-12
0
-7.49161e-12
1.8729e-12
-1.8729e-12
1.49832e-11
-1.8729e-12
-1.8729e-12
-1.8729e-12
1.8729e-12
7.49161e-12
0
0
7.49161e-12
1.8729e-12
-1.8729e-12
-7.49161e-12
-3.7458e-12
1.12374e-11
-1.8729e-12
5.6187e-12
0
1.8729e-12
1.31103e-11
-1.8729e-11
-3.7458e-12
-3.7458e-12
-1.49832e-11
-7.49161e-12
-7.49161e-12
1.49832e-11
-7.49161e-12
-1.8729e-12
1.8729e-12
9.36451e-12
0
-1.51967e-11
-1.51967e-11
-1.70963e-11
-1.13975e-11
-2.65942e-11
-5.69875e-12
-1.89958e-12
-1.13975e-11
-2.46946e-11
-1.89958e-12
-1.89958e-11
-1.89958e-11
-1.32971e-11
-3.79917e-12
-1.51967e-11
-9.49792e-12
-1.13975e-11
-2.08954e-11
-2.2795e-11
-2.08954e-11
0
-2.08954e-11
-2.2795e-11
-2.2795e-11
-1.70963e-11
-7.59833e-12
-2.2795e-11
-2.2795e-11
-1.32971e-11
0
-9.49792e-12
-2.46946e-11
-2.46946e-11
-1.51967e-11
0
0
-1.89958e-11
-1.70963e-11
-1.89958e-11
-1.32971e-11
-7.59833e-12
-1.32971e-11
-3.03933e-11
-2.08954e-11
-1.70963e-11
-7.59833e-12
-2.46946e-11
-9.49792e-12
3.79917e-12
-9.49792e-12
-1.13975e-11
1.89958e-12
0
-1.13975e-11
-1.70963e-11
5.69875e-12
-2.08954e-11
0
-1.70963e-11
1.70963e-11
-5.69875e-12
1.70963e-11
-2.08954e-11
0
3.79917e-12
3.79917e-12
1.32971e-11
7.59833e-12
-1.51967e-11
-1.70963e-11
1.13975e-11
-2.46946e-11
-2.46946e-11
-2.46946e-11
1.89958e-11
5.69875e-12
5.69875e-12
2.08954e-11
7.59833e-12
0
-1.89958e-12
-1.70963e-11
1.70963e-11
1.89958e-12
2.2795e-11
1.89958e-12
-9.49792e-12
-2.08954e-11
2.08954e-11
1.89958e-12
2.2795e-11
-1.89958e-11
-1.89958e-12
1.70963e-11
1.89958e-12
9.49792e-12
9.49792e-12
-1.89958e-11
7.59833e-12
0
0
0
3.85329e-12
1.92665e-12
1.92665e-12
1.73398e-11
0
7.70658e-12
9.63323e-12
3.85329e-12
7.70658e-12
5.77994e-12
3.85329e-12
0
7.70658e-12
0
0
1.34865e-11
0
-3.85329e-12
3.85329e-12
3.85329e-12
1.34865e-11
9.63323e-12
0
2.31197e-11
9.63323e-12
9.63323e-12
9.63323e-12
3.85329e-12
0
9.63323e-12
2.31197e-11
1.54132e-11
2.31197e-11
7.70658e-12
3.85329e-12
0
0
9.63323e-12
2.31197e-11
0
9.63323e-12
-5.77994e-12
1.92665e-12
1.92665e-11
-1.34865e-11
-9.63323e-12
2.31197e-11
9.63323e-12
3.85329e-12
7.70658e-12
0
3.85329e-12
1.92665e-12
1.54132e-11
9.63323e-12
0
3.85329e-12
9.63323e-12
1.54132e-11
-3.85329e-12
0
0
1.92665e-12
0
7.70658e-12
1.54132e-11
5.77994e-12
-7.70658e-12
9.63323e-12
3.85329e-12
-2.11931e-11
5.77994e-12
7.70658e-12
-1.15599e-11
3.85329e-12
1.73398e-11
1.92665e-12
5.77994e-12
1.54132e-11
3.85329e-12
5.77994e-12
1.92665e-12
-3.85329e-12
0
1.92665e-12
7.70658e-12
1.73398e-11
9.63323e-12
1.92665e-12
5.77994e-12
2.6973e-11
5.77994e-12
-1.15599e-11
9.63323e-12
5.77994e-12
5.77994e-12
-1.92665e-12
-1.95409e-12
1.75868e-11
1.75868e-11
1.36787e-11
1.95409e-11
1.95409e-11
1.95409e-11
1.95409e-11
2.73573e-11
2.73573e-11
2.54032e-11
1.75868e-11
2.1495e-11
2.54032e-11
0
2.54032e-11
2.34491e-11
3.12655e-11
1.75868e-11
-3.90819e-12
0
2.1495e-11
2.54032e-11
2.54032e-11
1.95409e-11
1.95409e-11
1.95409e-11
0
5.86228e-12
1.95409e-11
-9.77047e-12
2.34491e-11
5.86228e-12
1.95409e-11
1.75868e-11
2.1495e-11
1.95409e-12
1.36787e-11
1.95409e-11
2.1495e-11
5.86228e-12
1.95409e-11
2.1495e-11
2.73573e-11
3.12655e-11
5.86228e-12
-5.86228e-12
1.95409e-11
1.17246e-11
3.90819e-12
2.34491e-11
2.34491e-11
1.95409e-12
1.75868e-11
2.34491e-11
2.1495e-11
-7.81637e-12
2.34491e-11
2.34491e-11
1.36787e-11
-1.95409e-11
1.17246e-11
5.86228e-12
1.75868e-11
2.1495e-11
3.90819e-12
1.95409e-12
-3.90819e-12
0
2.93114e-11
2.54032e-11
0
2.34491e-11
2.1495e-11
2.1495e-11
-5.86228e-12
0
0
0
-1.95409e-12
-1.36787e-11
-7.81637e-12
2.34491e-11
-1.95409e-12
0
-2.54032e-11
3.90819e-12
2.34491e-11
1.36787e-11
3.90819e-12
1.95409e-12
1.95409e-12
2.34491e-11
1.56327e-11
0
3.90819e-12
7.81637e-12
-7.81637e-12
2.34491e-11
0
-1.98193e-12
-3.96386e-12
-1.98193e-12
-5.9458e-12
0
-1.98193e-12
-3.96386e-12
-1.98193e-12
-3.36928e-11
-3.17109e-11
-2.9729e-11
0
-2.57651e-11
-9.90966e-12
-5.9458e-12
-2.9729e-11
-1.98193e-12
-9.90966e-12
-2.9729e-11
3.96386e-12
-1.98193e-12
0
-9.90966e-12
-1.58555e-11
-7.92773e-12
0
-5.9458e-12
-3.96386e-12
-1.38735e-11
1.98193e-12
5.9458e-12
-3.96386e-12
-3.96386e-12
0
-2.57651e-11
0
-3.96386e-12
-3.96386e-12
1.98193e-12
0
-1.98193e-11
0
-1.98193e-12
-2.57651e-11
-2.37832e-11
-9.90966e-12
-1.18916e-11
1.98193e-11
1.18916e-11
-1.98193e-12
0
-3.96386e-12
-3.96386e-12
-5.9458e-12
-3.96386e-12
-1.98193e-12
-3.36928e-11
-3.96386e-12
0
-2.18013e-11
-5.9458e-12
-9.90966e-12
1.98193e-12
-2.57651e-11
-2.57651e-11
-3.96386e-12
-3.96386e-12
0
-5.9458e-12
-1.98193e-12
0
-3.96386e-12
0
2.18013e-11
0
-2.18013e-11
5.9458e-12
-7.92773e-12
-1.78374e-11
-3.96386e-12
-5.9458e-12
-3.36928e-11
-3.96386e-12
0
-3.96386e-12
5.9458e-12
0
1.98193e-12
-9.90966e-12
-1.58555e-11
-2.57651e-11
-3.96386e-12
0
-3.36928e-11
-3.96386e-12
5.9458e-12
-5.9458e-12
-7.92773e-12
-3.96386e-12
1.98193e-12
-6.0305e-12
2.01017e-12
2.01017e-12
1.00508e-11
6.0305e-12
4.02033e-12
4.02033e-12
0
0
-6.0305e-12
-2.01017e-12
4.02033e-12
0
0
2.4122e-11
0
0
0
8.04067e-12
2.21118e-11
1.80915e-11
2.01017e-12
0
-8.04067e-12
8.04067e-12
1.2061e-11
6.0305e-12
2.21118e-11
2.61322e-11
2.01017e-12
1.00508e-11
0
2.21118e-11
-2.01017e-12
8.04067e-12
-2.01017e-12
2.01017e-12
1.00508e-11
6.0305e-12
2.01017e-12
2.61322e-11
4.02033e-12
2.01017e-12
0
6.0305e-12
3.21627e-11
3.21627e-11
6.0305e-12
1.00508e-11
2.01017e-12
0
2.01017e-12
-6.0305e-12
1.00508e-11
2.01017e-12
2.01017e-12
1.2061e-11
2.01017e-12
0
8.04067e-12
2.61322e-11
0
2.01017e-12
2.01017e-12
4.02033e-12
2.01017e-12
2.01017e-12
6.0305e-12
4.02033e-12
0
0
2.01017e-12
4.02033e-12
2.01017e-12
-2.01017e-12
8.04067e-12
2.01017e-12
0
4.02033e-12
4.02033e-12
1.2061e-11
1.2061e-11
-6.0305e-12
1.00508e-11
0
2.81423e-11
4.02033e-12
-2.01017e-12
8.04067e-12
2.01017e-12
6.0305e-12
0
0
1.40712e-11
2.01017e-12
2.01017e-12
6.0305e-12
2.01017e-12
-6.0305e-12
6.0305e-12
6.11642e-12
6.11642e-12
4.07761e-12
8.15522e-12
2.03881e-12
4.07761e-12
0
2.03881e-12
2.65045e-11
2.65045e-11
2.44657e-11
0
2.65045e-11
4.07761e-12
4.07761e-12
2.44657e-11
2.03881e-12
1.0194e-11
2.44657e-11
0
6.11642e-12
0
4.07761e-12
6.11642e-12
8.15522e-12
6.11642e-12
4.07761e-12
4.07761e-12
1.0194e-11
0
0
4.07761e-12
2.03881e-12
2.03881e-12
2.44657e-11
0
-2.03881e-12
-2.03881e-12
-6.11642e-12
-2.03881e-12
2.44657e-11
6.11642e-12
2.03881e-12
2.65045e-11
2.44657e-11
1.42716e-11
1.0194e-11
0
0
2.03881e-12
-4.07761e-12
6.11642e-12
6.11642e-12
2.03881e-12
2.03881e-12
0
2.44657e-11
6.11642e-12
0
2.44657e-11
4.07761e-12
4.07761e-12
0
2.65045e-11
2.44657e-11
6.11642e-12
6.11642e-12
0
-4.07761e-12
-2.03881e-12
6.11642e-12
2.03881e-12
0
4.07761e-12
0
2.24269e-11
0
0
4.07761e-12
2.03881e-12
8.15522e-12
2.44657e-11
6.11642e-12
-6.11642e-12
2.03881e-12
-6.11642e-12
-4.07761e-12
-2.03881e-12
2.03881e-12
6.11642e-12
2.24269e-11
0
-2.03881e-12
5.09701e-11
6.11642e-12
4.07761e-12
2.03881e-12
4.07761e-12
4.07761e-12
0
4.1357e-12
4.1357e-12
4.1357e-12
0
0
2.06785e-12
0
8.2714e-12
2.06785e-12
4.1357e-12
6.20355e-12
6.20355e-12
2.06785e-12
4.1357e-12
2.06785e-12
4.1357e-12
-2.06785e-12
0
4.1357e-12
2.06785e-12
4.1357e-12
0
-2.06785e-12
6.20355e-12
-4.1357e-12
-2.06785e-12
0
6.20355e-12
0
0
4.1357e-12
0
8.2714e-12
8.2714e-12
-2.06785e-12
4.1357e-12
2.06785e-12
2.06785e-12
0
2.06785e-12
-2.06785e-12
0
4.1357e-12
4.1357e-12
4.1357e-12
-8.2714e-12
-6.20355e-12
0
4.1357e-12
0
4.1357e-12
-4.1357e-12
2.06785e-12
0
-4.1357e-12
4.1357e-12
2.06785e-12
-4.1357e-12
4.1357e-12
-2.06785e-12
4.1357e-12
-2.06785e-12
0
4.1357e-12
4.1357e-12
-6.20355e-12
-4.1357e-12
-2.06785e-12
0
-4.1357e-12
4.1357e-12
2.06785e-12
-4.1357e-12
4.1357e-12
2.06785e-12
2.06785e-12
2.06785e-12
2.06785e-12
2.06785e-12
0
-4.1357e-12
2.06785e-12
2.06785e-12
0
-2.06785e-12
0
0
0
-2.06785e-12
-4.1357e-12
-2.06785e-12
2.06785e-12
6.20355e-12
-2.06785e-12
-6.20355e-12
-4.1357e-12
-2.68821e-11
4.1357e-12
3.10178e-11
0
0
0
2.09731e-12
0
4.19462e-12
0
0
8.38924e-12
4.19462e-12
6.29193e-12
2.09731e-12
8.38924e-12
8.38924e-12
4.19462e-12
4.19462e-12
4.19462e-12
8.38924e-12
4.19462e-12
-4.19462e-12
0
0
6.29193e-12
2.09731e-12
0
0
2.09731e-12
6.29193e-12
4.19462e-12
0
0
4.19462e-12
6.29193e-12
4.19462e-12
4.19462e-12
2.09731e-12
4.19462e-12
2.09731e-12
4.19462e-12
8.38924e-12
4.19462e-12
0
2.09731e-12
2.09731e-12
0
4.19462e-12
-4.19462e-12
4.19462e-12
0
4.19462e-12
4.19462e-12
6.29193e-12
0
0
0
8.38924e-12
4.19462e-12
0
6.29193e-12
4.19462e-12
2.09731e-12
0
0
0
4.19462e-12
0
0
6.29193e-12
6.29193e-12
0
0
4.19462e-12
0
6.29193e-12
0
6.29193e-12
4.19462e-12
2.09731e-12
2.09731e-12
6.29193e-12
0
6.29193e-12
0
2.09731e-12
2.09731e-12
4.19462e-12
3.3557e-11
0
4.19462e-12
4.19462e-12
0
2.09731e-12
8.38924e-12
2.09731e-12
-2.30704e-11
2.09731e-12
8.38924e-12
4.19462e-12
6.29193e-12
8.38924e-12
2.09731e-12
0
0
0
-2.12719e-12
0
0
0
-2.12719e-12
-4.25438e-12
0
-2.12719e-12
0
0
-2.12719e-12
-4.25438e-12
-2.12719e-12
0
0
0
0
-2.12719e-12
-2.12719e-12
0
-2.12719e-12
0
-2.12719e-12
-2.12719e-12
0
0
-2.12719e-12
-4.25438e-12
0
-2.12719e-12
-2.12719e-12
6.38157e-12
-6.38157e-12
-2.12719e-12
0
-6.38157e-12
-4.25438e-12
2.12719e-12
8.50876e-12
-6.38157e-12
0
8.50876e-12
0
-4.25438e-12
-4.25438e-12
-2.12719e-12
1.06359e-11
-2.12719e-12
-2.12719e-12
0
0
0
-2.12719e-12
0
-2.12719e-12
-2.12719e-12
4.25438e-12
0
0
-2.12719e-12
0
-4.25438e-12
0
-2.12719e-12
2.12719e-12
4.25438e-12
-2.12719e-12
-2.12719e-12
0
0
-4.25438e-12
0
0
0
0
-2.12719e-12
6.38157e-12
3.19078e-11
4.4671e-11
4.25438e-12
6.38157e-12
4.25438e-12
-4.25438e-12
0
6.38157e-12
0
6.38157e-12
4.25438e-12
0
-2.12719e-12
2.12719e-12
4.25438e-12
0
2.55263e-11
0
-2.76535e-11
-2.12719e-12
8.62998e-12
8.62998e-12
-2.15749e-12
2.15749e-12
0
6.47248e-12
1.2945e-11
-8.62998e-12
-2.15749e-12
2.58899e-11
1.94174e-11
-8.62998e-12
4.31499e-12
0
6.47248e-12
0
0
-4.31499e-12
6.47248e-12
6.47248e-12
3.02049e-11
0
6.47248e-12
3.02049e-11
6.47248e-12
3.23624e-11
3.02049e-11
3.45199e-11
3.88349e-11
6.47248e-12
0
0
0
2.15749e-12
0
0
0
3.45199e-11
3.23624e-11
3.88349e-11
0
3.45199e-11
0
3.88349e-11
-2.15749e-12
3.88349e-11
0
6.47248e-12
0
2.15749e-12
3.02049e-11
6.47248e-12
3.88349e-11
3.23624e-11
2.80474e-11
2.58899e-11
4.31499e-12
0
0
2.15749e-12
4.31499e-12
6.47248e-12
6.47248e-12
2.15749e-12
6.47248e-12
6.47248e-12
0
0
4.31499e-12
3.45199e-11
3.23624e-11
3.88349e-11
2.80474e-11
3.45199e-11
3.45199e-11
3.88349e-11
3.88349e-11
3.88349e-11
3.23624e-11
3.88349e-11
-6.47248e-12
0
0
3.23624e-11
3.45199e-11
-2.15749e-11
3.23624e-11
3.23624e-11
3.66774e-11
6.47248e-12
2.80474e-11
2.80474e-11
3.45199e-11
2.15749e-12
0
3.23624e-11
3.88349e-11
3.02049e-11
2.80474e-11
3.88349e-11
0
0
-2.18823e-12
-4.37646e-12
-4.37646e-12
2.18823e-12
6.56469e-12
2.18823e-12
0
0
0
2.18823e-12
0
0
8.75292e-12
0
0
-2.18823e-12
0
8.75292e-12
6.56469e-12
1.09412e-11
8.75292e-12
4.37646e-12
8.75292e-12
0
8.75292e-12
-4.37646e-12
0
1.09412e-11
4.37646e-12
8.75292e-12
8.75292e-12
-2.18823e-12
-6.56469e-12
0
2.18823e-12
4.37646e-12
2.18823e-12
4.37646e-12
0
-6.56469e-12
1.31294e-11
6.56469e-12
-1.09412e-11
0
0
2.18823e-12
0
-8.75292e-12
8.75292e-12
1.09412e-11
2.18823e-12
4.37646e-12
2.18823e-12
4.37646e-12
-6.56469e-12
1.09412e-11
0
0
-2.18823e-12
1.09412e-11
1.09412e-11
8.75292e-12
8.75292e-12
1.09412e-11
1.09412e-11
0
-2.18823e-12
2.18823e-12
1.31294e-11
0
0
8.75292e-12
1.31294e-11
4.37646e-12
8.75292e-12
8.75292e-12
1.09412e-11
-6.56469e-12
-3.28235e-11
-4.81411e-11
-6.56469e-12
-2.18823e-12
0
1.09412e-11
4.37646e-12
6.56469e-12
1.09412e-11
-6.56469e-12
4.37646e-12
0
0
-2.18823e-12
8.75292e-12
1.53176e-11
1.31294e-11
0
4.15764e-11
4.37646e-12
-6.65821e-12
-2.2194e-12
0
1.99746e-11
4.43881e-12
1.33164e-11
-1.1097e-11
1.1097e-11
0
-8.87762e-12
0
1.99746e-11
6.65821e-12
-8.87762e-12
-6.65821e-12
-6.65821e-12
-6.65821e-12
0
-6.65821e-12
-6.65821e-12
-2.88523e-11
-2.2194e-12
-8.87762e-12
-3.32911e-11
-6.65821e-12
-3.77299e-11
-1.55358e-11
-3.32911e-11
-4.43881e-12
-2.2194e-12
-2.2194e-12
-6.65821e-12
-6.65821e-12
-6.65821e-12
0
1.1097e-11
4.43881e-12
-3.77299e-11
-3.55105e-11
-3.99493e-11
6.65821e-12
-3.32911e-11
6.65821e-12
-3.77299e-11
-4.43881e-12
-1.55358e-11
8.87762e-12
-4.43881e-12
-6.65821e-12
-2.2194e-12
-3.10717e-11
-6.65821e-12
-3.55105e-11
-1.99746e-11
-3.10717e-11
-2.44135e-11
0
-2.2194e-12
-2.2194e-12
-6.65821e-12
-2.2194e-12
-6.65821e-12
-2.2194e-12
-8.87762e-12
-6.65821e-12
-8.87762e-12
-6.65821e-12
-2.2194e-12
-8.87762e-12
-3.55105e-11
-3.99493e-11
-3.99493e-11
-3.10717e-11
-3.55105e-11
-4.88269e-11
-3.99493e-11
-3.55105e-11
-3.32911e-11
-3.99493e-11
-3.99493e-11
0
0
0
-4.21687e-11
-3.55105e-11
-2.2194e-12
-2.44135e-11
-3.55105e-11
-4.21687e-11
6.65821e-12
-3.10717e-11
-3.55105e-11
-3.99493e-11
-2.2194e-12
-4.43881e-12
-4.88269e-11
-3.99493e-11
-2.2194e-11
-3.77299e-11
-3.99493e-11
0
0
-2.92633e-11
0
-6.75307e-12
-4.50205e-12
-4.05184e-11
-3.15143e-11
-2.02592e-11
-3.60164e-11
-3.82674e-11
-1.35061e-11
-2.25102e-12
-3.15143e-11
-2.02592e-11
-3.15143e-11
-4.50205e-12
-2.92633e-11
-4.50205e-12
-9.00409e-12
-3.82674e-11
-4.05184e-11
-4.05184e-11
0
-4.05184e-11
-4.50205e-12
-1.12551e-11
-6.75307e-12
-2.47613e-11
-9.00409e-12
-6.75307e-12
-9.00409e-12
-1.35061e-11
-4.50205e-12
-1.12551e-11
0
-1.12551e-11
-4.27694e-11
-1.12551e-11
-6.75307e-12
-1.12551e-11
-1.57572e-11
-1.12551e-11
-1.35061e-11
-4.50205e-12
-9.00409e-12
-2.02592e-11
-9.00409e-12
-2.25102e-12
-9.00409e-12
-1.57572e-11
-1.35061e-11
2.25102e-12
-1.35061e-11
-6.75307e-12
-4.05184e-11
6.75307e-12
-1.35061e-11
-4.50205e-12
-4.50205e-12
-1.57572e-11
-1.12551e-11
-1.57572e-11
-1.12551e-11
-3.60164e-11
-1.35061e-11
-4.05184e-11
-6.75307e-12
-3.82674e-11
-4.50205e-12
-1.57572e-11
4.50205e-12
-4.50205e-12
-1.35061e-11
-4.27694e-11
-1.12551e-11
-1.35061e-11
-1.57572e-11
-1.12551e-11
0
-3.15143e-11
0
-2.25102e-12
-9.00409e-12
-4.50205e-12
-4.27694e-11
-1.57572e-11
-1.35061e-11
-1.12551e-11
-4.50205e-12
-1.12551e-11
-3.15143e-11
-4.50205e-12
-3.82674e-11
-1.35061e-11
-1.80082e-11
-4.50205e-11
-9.00409e-12
-4.50205e-11
-9.00409e-12
-2.28309e-12
-6.84928e-12
2.28309e-12
-2.05478e-11
-2.28309e-12
-4.79449e-11
-6.84928e-12
-1.14155e-11
0
-2.05478e-11
-2.05478e-11
-1.82647e-11
-1.82647e-11
-1.36986e-11
0
-1.14155e-11
-2.05478e-11
0
-1.14155e-11
-1.82647e-11
-4.56618e-12
-1.59816e-11
0
-4.56618e-12
-1.14155e-11
-2.28309e-12
-2.28309e-11
-4.56618e-12
-3.19633e-11
-9.13237e-12
-2.28309e-12
-2.28309e-12
0
-2.28309e-12
-1.14155e-11
-1.14155e-11
-6.84928e-12
0
-2.28309e-12
-2.28309e-12
-1.59816e-11
-2.28309e-12
-1.14155e-11
-2.28309e-12
-2.28309e-12
-1.82647e-11
-1.14155e-11
-2.28309e-12
-2.28309e-12
-2.28309e-12
-4.56618e-12
-2.28309e-12
-2.28309e-12
-1.14155e-11
-2.28309e-12
0
-1.36986e-11
-2.28309e-12
-2.28309e-12
0
0
-2.28309e-12
-2.28309e-12
2.28309e-12
-4.56618e-12
0
0
-2.28309e-12
-4.56618e-12
-2.96802e-11
-2.28309e-12
2.28309e-12
-2.28309e-12
-2.96802e-11
1.14155e-11
2.28309e-12
-2.28309e-12
-6.84928e-12
0
0
4.56618e-12
-1.14155e-11
2.28309e-12
9.13237e-12
-2.28309e-12
0
-2.28309e-12
-1.14155e-11
0
-1.14155e-11
2.28309e-12
4.56618e-12
0
-2.28309e-12
0
9.13237e-12
6.84928e-12
-9.13237e-12
0
0
-2.31562e-12
0
3.0103e-11
2.31562e-12
2.31562e-12
0
3.24187e-11
3.24187e-11
9.26247e-12
3.0103e-11
3.24187e-11
9.26247e-12
-2.31562e-12
2.54718e-11
1.15781e-11
2.77874e-11
2.31562e-12
3.0103e-11
0
-6.94685e-12
3.47343e-11
2.54718e-11
2.31562e-11
0
2.77874e-11
4.63124e-12
2.31562e-12
2.31562e-12
1.85249e-11
-9.26247e-12
-2.31562e-12
0
4.63124e-12
2.31562e-12
1.15781e-11
-2.31562e-12
1.15781e-11
3.0103e-11
1.15781e-11
0
1.38937e-11
4.63124e-12
-4.63124e-12
4.63124e-12
0
2.31562e-12
1.85249e-11
2.31562e-12
-2.31562e-12
0
-4.63124e-12
4.63124e-12
-4.63124e-12
2.31562e-12
-2.31562e-12
2.77874e-11
-2.31562e-12
2.31562e-12
2.31562e-12
-2.31562e-12
1.15781e-11
2.31562e-12
4.63124e-12
2.31562e-12
3.0103e-11
4.63124e-12
3.0103e-11
4.63124e-12
3.0103e-11
6.94685e-12
2.31562e-12
-2.31562e-12
2.31562e-12
-2.31562e-12
3.24187e-11
4.63124e-12
6.94685e-12
4.63124e-12
2.31562e-12
0
2.77874e-11
2.31562e-12
2.31562e-12
4.63124e-12
0
2.77874e-11
4.63124e-12
4.63124e-12
2.31562e-12
2.31562e-12
0
2.54718e-11
4.63124e-12
3.24187e-11
4.63124e-12
2.31562e-12
2.08406e-11
2.31562e-12
0
0
4.69721e-12
7.04582e-12
1.1743e-11
7.04582e-12
2.34861e-12
3.05319e-11
1.40916e-11
0
9.39443e-12
1.64403e-11
4.69721e-12
0
7.04582e-12
1.87889e-11
3.99263e-11
2.34861e-11
1.87889e-11
2.34861e-12
1.1743e-11
1.87889e-11
4.22749e-11
1.1743e-11
4.69721e-12
4.69721e-12
2.34861e-11
2.34861e-12
2.34861e-12
2.34861e-12
0
7.04582e-12
2.34861e-12
2.34861e-12
-2.34861e-12
0
1.1743e-11
0
0
4.69721e-12
1.64403e-11
4.69721e-12
7.04582e-12
1.40916e-11
4.69721e-12
0
3.52291e-11
9.39443e-12
2.34861e-12
1.40916e-11
4.69721e-12
0
4.69721e-12
2.34861e-12
3.52291e-11
9.39443e-12
-4.69721e-12
-2.34861e-12
1.87889e-11
3.52291e-11
0
0
0
3.75777e-11
7.04582e-12
3.52291e-11
2.34861e-12
2.34861e-12
3.75777e-11
0
4.69721e-12
2.81833e-11
2.34861e-12
-4.69721e-12
7.04582e-12
6.34124e-11
2.34861e-12
2.34861e-12
0
2.34861e-12
0
7.04582e-12
3.52291e-11
1.87889e-11
4.69721e-12
-2.34861e-12
2.34861e-12
0
0
1.1743e-11
2.34861e-12
-2.34861e-12
0
3.28805e-11
3.75777e-11
3.75777e-11
7.04582e-12
0
-7.04582e-12
7.04582e-12
3.52291e-11
0
9.52827e-12
3.81131e-11
0
-4.76413e-12
4.76413e-12
0
-2.38207e-12
0
4.76413e-12
-4.76413e-12
2.38207e-12
0
2.38207e-12
4.52593e-11
0
7.1462e-12
1.42924e-11
0
4.76413e-12
4.76413e-11
3.5731e-11
7.1462e-12
7.1462e-12
4.76413e-12
7.1462e-12
9.52827e-12
9.52827e-12
0
0
7.1462e-12
2.38207e-12
0
9.52827e-12
2.38207e-12
4.28772e-11
4.76413e-12
0
1.90565e-11
0
7.1462e-12
3.81131e-11
0
7.1462e-12
0
2.38207e-12
9.52827e-12
7.1462e-12
4.76413e-12
2.38207e-12
1.19103e-11
7.1462e-12
0
-4.76413e-12
0
9.52827e-12
0
1.42924e-11
0
4.28772e-11
7.1462e-12
7.1462e-12
-4.76413e-12
2.38207e-12
-4.76413e-12
7.1462e-12
0
2.38207e-12
0
9.52827e-12
9.52827e-12
4.04951e-11
4.28772e-11
-2.38207e-12
4.76413e-12
0
4.04951e-11
-4.76413e-12
0
3.81131e-11
9.52827e-12
-4.76413e-12
0
0
4.28772e-11
4.76413e-12
7.1462e-12
0
1.42924e-11
0
0
1.66745e-11
4.76413e-12
-2.38207e-12
7.1462e-12
0
2.38207e-12
1.90565e-11
0
0
7.1462e-12
0
-2.416e-12
-1.208e-11
4.832e-12
-4.832e-12
0
-4.832e-12
0
-4.832e-12
-9.66401e-12
0
0
-7.24801e-12
0
-4.1072e-11
-1.4496e-11
4.832e-12
0
4.832e-12
0
-3.624e-11
4.832e-12
0
-4.832e-12
-1.4496e-11
4.832e-12
4.832e-12
0
9.66401e-12
0
4.832e-12
0
7.24801e-12
7.24801e-12
0
0
7.24801e-12
-2.416e-12
-1.4496e-11
-2.416e-12
0
-9.66401e-12
-4.832e-12
2.416e-12
-2.6576e-11
-9.66401e-12
0
-9.66401e-12
0
7.24801e-12
4.832e-12
4.832e-12
-2.6576e-11
0
2.416e-12
7.24801e-12
-4.832e-12
-3.1408e-11
0
7.24801e-12
-2.416e-12
-3.1408e-11
-2.416e-12
4.832e-12
0
0
-3.3824e-11
0
7.24801e-12
0
0
4.3488e-11
0
-2.6576e-11
0
-7.24801e-12
4.832e-12
0
0
-7.24801e-12
-3.1408e-11
-7.24801e-12
-4.832e-12
2.416e-12
2.416e-12
0
0
4.832e-11
0
7.24801e-12
3.3824e-11
-3.624e-11
-3.624e-11
-3.3824e-11
-2.416e-12
4.832e-12
2.416e-12
0
-2.6576e-11
7.24801e-12
-4.90084e-12
-4.16572e-11
0
-4.90084e-12
-2.45042e-12
0
0
0
2.45042e-12
0
0
0
7.35126e-12
-4.16572e-11
0
7.35126e-12
-9.80169e-12
7.35126e-12
2.45042e-12
-4.16572e-11
-3.92067e-11
-1.22521e-11
0
4.90084e-12
4.90084e-12
-9.80169e-12
-9.80169e-12
-1.47025e-11
0
0
2.45042e-12
0
-4.90084e-12
2.45042e-12
-4.41076e-11
4.90084e-12
0
-7.35126e-12
7.35126e-12
0
-3.92067e-11
2.45042e-12
0
7.35126e-12
2.45042e-12
-2.45042e-12
-3.92067e-11
0
4.90084e-12
-7.35126e-12
0
0
0
4.90084e-12
4.90084e-12
0
-1.22521e-11
0
-4.41076e-11
-2.45042e-12
2.45042e-12
0
-2.45042e-12
-4.90084e-12
-1.96034e-11
-2.45042e-12
-4.90084e-12
0
0
-9.80169e-12
-4.41076e-11
-4.41076e-11
0
-4.90084e-12
2.45042e-12
-4.41076e-11
-4.90084e-12
-1.47025e-11
-2.94051e-11
-1.22521e-11
-1.47025e-11
4.90084e-12
0
-3.43059e-11
-2.45042e-12
-7.35126e-12
-1.47025e-11
-1.22521e-11
0
-1.7153e-11
-1.96034e-11
0
0
0
0
0
-1.7153e-11
-4.90084e-12
0
-7.35126e-12
2.48533e-12
5.46773e-11
4.72213e-11
1.24267e-11
2.48533e-12
7.45599e-12
2.73386e-11
5.71626e-11
1.24267e-11
2.73386e-11
5.71626e-11
3.728e-11
7.45599e-12
4.4736e-11
4.97066e-12
4.22506e-11
2.48533e-12
9.94133e-12
7.45599e-12
9.94133e-12
9.94133e-12
7.45599e-12
4.4736e-11
1.24267e-11
3.728e-11
-4.97066e-12
2.48533e-12
1.24267e-11
4.97066e-12
9.94133e-12
7.45599e-12
4.4736e-11
7.45599e-12
3.47946e-11
7.45599e-12
3.728e-11
9.94133e-12
7.45599e-12
4.4736e-11
3.728e-11
4.22506e-11
3.47946e-11
9.94133e-12
-2.48533e-12
2.48533e-12
-2.48533e-12
4.97066e-12
3.97653e-11
3.728e-11
3.47946e-11
4.97066e-12
4.97066e-12
9.94133e-12
3.97653e-11
4.97066e-12
0
2.48533e-12
9.94133e-12
9.94133e-12
2.48533e-12
9.94133e-12
0
-4.97066e-12
-1.73973e-11
2.2368e-11
9.94133e-12
4.97066e-11
9.94133e-12
-7.45599e-12
0
4.72213e-11
-4.4736e-11
-4.97066e-12
0
7.45599e-12
1.24267e-11
0
3.47946e-11
4.4736e-11
1.24267e-11
1.24267e-11
-4.97066e-12
9.94133e-12
-4.97066e-12
-4.97066e-12
9.94133e-12
1.24267e-11
-3.728e-11
1.4912e-11
9.94133e-12
9.94133e-12
9.94133e-12
9.94133e-12
2.48533e-12
2.73386e-11
0
4.4736e-11
4.22506e-11
-4.97066e-12
-2.48533e-12
0
1.76452e-11
5.7977e-11
2.26866e-11
4.53733e-11
0
3.52903e-11
-2.52074e-12
0
2.52074e-12
4.53733e-11
7.56221e-12
-5.04148e-12
-2.52074e-12
-5.04148e-12
-5.04148e-12
2.52074e-12
-7.56221e-12
-5.04148e-12
0
0
1.0083e-11
0
-2.52074e-12
0
0
-3.78111e-11
1.26037e-11
0
5.04148e-12
-1.51244e-11
0
4.53733e-11
0
-1.26037e-11
-2.52074e-12
-5.04148e-12
-5.04148e-12
-1.51244e-11
-2.52074e-12
0
-1.26037e-11
0
-5.04148e-12
-2.52074e-12
-5.04148e-12
3.02489e-11
0
-2.52074e-12
-2.52074e-12
0
0
-5.04148e-12
-7.56221e-12
-2.52074e-12
2.52074e-12
-1.0083e-11
-5.04148e-12
0
2.52074e-12
-1.0083e-11
0
0
0
1.26037e-11
2.52074e-12
-5.04148e-12
-1.0083e-11
-7.56221e-12
-2.52074e-12
7.56221e-12
-2.52074e-12
-5.04148e-12
-3.52903e-11
-7.56221e-12
0
-7.56221e-12
1.26037e-11
-1.0083e-11
0
2.52074e-12
-5.7977e-11
-2.52074e-12
-7.56221e-12
0
0
1.76452e-11
-5.04148e-12
-1.0083e-11
1.26037e-11
2.52074e-12
-2.52074e-12
0
-2.01659e-11
0
-5.04148e-12
5.04148e-12
-2.52074e-12
-5.04148e-12
0
-1.02266e-11
-5.88029e-11
-3.83497e-11
-1.53399e-11
0
-5.1133e-12
-2.55665e-11
-5.36896e-11
-1.02266e-11
-2.55665e-11
-4.85763e-11
-3.32364e-11
0
-2.81231e-11
5.1133e-12
-2.81231e-11
0
-1.02266e-11
-2.55665e-12
-1.02266e-11
-5.1133e-12
-1.02266e-11
-3.57931e-11
0
-3.32364e-11
7.66995e-12
2.55665e-12
-1.02266e-11
-2.55665e-12
-1.02266e-11
-2.55665e-12
-4.60197e-11
-7.66995e-12
-3.32364e-11
-2.55665e-12
-4.09064e-11
-1.02266e-11
-5.1133e-12
-4.60197e-11
-4.09064e-11
-3.57931e-11
-4.60197e-11
-1.27832e-11
7.66995e-12
0
7.66995e-12
5.1133e-12
-4.60197e-11
-4.09064e-11
-4.09064e-11
-1.02266e-11
-2.55665e-12
-2.55665e-12
-3.57931e-11
-7.66995e-12
2.55665e-12
-2.55665e-12
-1.02266e-11
-1.02266e-11
-1.02266e-11
-2.55665e-12
7.66995e-12
7.66995e-12
-1.53399e-11
-2.30098e-11
-1.78965e-11
-4.60197e-11
-1.53399e-11
5.1133e-12
7.66995e-12
-4.3463e-11
7.66995e-12
0
7.66995e-12
-5.1133e-12
-1.02266e-11
-7.66995e-12
-3.32364e-11
-4.09064e-11
-2.55665e-12
-7.66995e-12
0
-7.66995e-12
2.55665e-12
1.53399e-11
-5.1133e-12
-5.1133e-12
-2.55665e-12
-2.04532e-11
-1.02266e-11
-4.3463e-11
-2.55665e-12
-1.02266e-11
-5.1133e-12
-2.81231e-11
0
-4.3463e-11
-4.60197e-11
2.55665e-12
-5.1133e-12
0
-3.88961e-11
-5.70476e-11
-2.07446e-11
-5.96407e-11
-1.55584e-11
-4.14892e-11
0
0
-7.77922e-12
-6.74199e-11
-2.33377e-11
-5.18615e-12
0
0
-7.77922e-12
-5.18615e-12
-1.29654e-11
-2.59307e-12
0
0
-2.59307e-12
-5.18615e-12
-5.18615e-12
-2.59307e-12
0
3.6303e-11
0
2.59307e-12
-7.77922e-12
1.03723e-11
0
-4.92684e-11
4.40822e-11
7.77922e-12
0
-1.29654e-11
5.18615e-12
1.81515e-11
0
0
1.03723e-11
2.59307e-12
4.66753e-11
1.03723e-11
0
-5.18615e-12
0
0
0
0
0
-2.59307e-12
0
0
-5.18615e-12
5.18615e-12
4.66753e-11
0
0
2.59307e-12
0
0
5.18615e-12
0
2.59307e-12
0
5.44545e-11
5.44545e-11
2.59307e-12
-1.29654e-11
-5.18615e-12
5.18615e-12
8.29783e-11
0
-2.59307e-12
7.77922e-12
5.18615e-12
0
-2.59307e-12
5.18615e-12
5.96407e-11
5.18615e-12
-5.18615e-12
-7.77922e-12
0
-2.59307e-12
0
1.03723e-11
-2.59307e-12
-2.59307e-12
0
0
1.55584e-11
5.18615e-12
-1.29654e-11
-2.59307e-12
2.59307e-12
1.03723e-11
-2.59307e-12
0
5.26003e-12
-2.36701e-11
0
0
0
0
-1.05201e-11
-1.05201e-11
-2.63001e-12
-1.05201e-11
-2.63001e-12
-7.89004e-12
-1.57801e-11
-5.26003e-12
-1.31501e-11
-7.89004e-12
5.26003e-12
5.26003e-12
0
-7.89004e-12
0
-7.89004e-12
-1.05201e-11
-2.63001e-12
-7.89004e-12
-7.89004e-12
-1.31501e-11
-5.26003e-12
0
-7.89004e-12
-1.31501e-11
-7.89004e-12
-1.05201e-11
0
-1.31501e-11
5.26003e-12
-2.63001e-12
-1.31501e-11
0
-7.89004e-12
5.26003e-12
-1.31501e-11
-7.89004e-12
-7.89004e-12
-7.89004e-12
0
0
0
0
0
0
-5.26003e-12
-7.89004e-12
0
-7.89004e-12
0
-2.36701e-11
0
0
-7.89004e-12
-7.89004e-12
-7.89004e-12
-5.26003e-12
0
5.26003e-12
2.36701e-11
2.89302e-11
0
-7.89004e-12
-2.63001e-12
-2.63001e-11
0
-1.05201e-11
-5.26003e-12
0
2.63001e-12
-5.26003e-12
0
-7.89004e-12
0
0
-5.26003e-12
2.36701e-11
3.15602e-11
-5.26003e-12
-7.89004e-12
-7.89004e-12
5.26003e-12
0
7.89004e-12
1.84101e-11
2.36701e-11
0
-1.05201e-11
-5.26003e-11
0
2.63001e-12
0
2.63001e-12
0
1.33374e-11
-1.33374e-11
-2.40073e-11
-2.66748e-12
-2.40073e-11
-1.06699e-11
-8.00245e-12
5.33497e-12
-2.66748e-12
-2.40073e-11
2.66748e-12
-3.73448e-11
-8.00245e-12
0
2.66748e-12
0
-1.60049e-11
0
-8.00245e-12
2.66748e-12
-5.33497e-12
-2.66748e-11
-4.00122e-11
-5.33497e-12
-8.00245e-12
-2.66748e-11
-2.93423e-11
-8.00245e-12
-5.33497e-12
-2.93423e-11
5.33497e-12
-8.00245e-12
-7.2022e-11
-8.00245e-12
5.33497e-12
5.33497e-12
-3.73448e-11
-1.60049e-11
0
0
-2.66748e-12
-2.93423e-11
-4.80147e-11
-4.00122e-11
-2.93423e-11
-2.66748e-12
-8.00245e-12
-2.66748e-11
0
-8.00245e-12
0
-8.00245e-12
-8.00245e-12
2.13399e-11
-5.33497e-12
-1.33374e-11
-4.53472e-11
0
-2.66748e-12
0
-8.00245e-12
-8.00245e-12
2.13399e-11
0
-8.00245e-12
-2.66748e-12
-5.06822e-11
-6.13521e-11
-1.33374e-11
-8.00245e-12
8.00245e-12
-2.66748e-12
-5.86846e-11
2.13399e-11
-5.33497e-12
-8.00245e-12
-2.66748e-12
1.33374e-11
-5.33497e-12
2.66748e-12
-1.06699e-11
-2.66748e-12
-8.00245e-12
-5.33497e-12
2.13399e-11
-8.00245e-12
-8.00245e-12
0
-5.33497e-12
-1.06699e-11
-2.66748e-12
-5.33497e-12
-1.06699e-11
-1.86724e-11
2.66748e-12
2.66748e-12
-2.66748e-12
1.33374e-11
0
0
0
2.70548e-12
5.41097e-12
0
-4.59932e-11
5.41097e-12
2.70548e-12
0
-8.11645e-12
5.41097e-12
-2.70548e-12
2.70548e-12
0
0
-8.11645e-12
-1.08219e-11
-2.70548e-12
-6.22262e-11
0
0
0
0
0
-8.11645e-12
0
5.41097e-12
2.70548e-12
-4.86987e-11
0
0
8.11645e-12
-1.08219e-11
-5.41097e-12
0
8.11645e-12
-4.32878e-11
0
1.08219e-11
-8.11645e-12
0
0
1.35274e-11
0
0
-5.14042e-11
0
0
5.41097e-12
-8.11645e-12
0
-8.11645e-12
-1.08219e-11
0
-2.70548e-12
-1.08219e-11
-5.41097e-11
1.62329e-11
0
0
0
-5.41097e-12
-1.89384e-11
-2.70548e-12
0
-1.08219e-11
-2.16439e-11
-6.49316e-11
-5.41097e-11
5.41097e-12
5.41097e-12
1.89384e-11
0
-4.32878e-11
-2.70548e-12
0
0
-1.08219e-11
-1.35274e-11
0
0
-2.70548e-12
0
-4.32878e-11
-4.05823e-11
-2.70548e-12
0
0
-8.11645e-12
-1.08219e-11
-2.70548e-12
-2.16439e-11
-6.49316e-11
-5.41097e-11
1.08219e-11
4.59932e-11
0
0
-4.86987e-11
0
0
2.74403e-12
2.46963e-11
1.92082e-11
1.09761e-11
4.39045e-11
8.23208e-12
1.09761e-11
0
8.23208e-12
4.11604e-11
1.09761e-11
3.84164e-11
8.23208e-12
0
0
5.48806e-12
4.93925e-11
5.48806e-12
8.23208e-12
0
8.23208e-12
3.01843e-11
4.11604e-11
0
8.23208e-12
2.19522e-11
3.29283e-11
8.23208e-12
8.23208e-12
3.01843e-11
0
1.09761e-11
2.46963e-11
8.23208e-12
0
5.48806e-12
3.01843e-11
1.37201e-11
0
5.48806e-12
2.74403e-12
3.01843e-11
0
3.01843e-11
3.56724e-11
2.74403e-12
8.23208e-12
2.19522e-11
0
8.23208e-12
0
1.09761e-11
8.23208e-12
-1.92082e-11
1.09761e-11
1.64642e-11
2.74403e-12
0
-2.74403e-12
0
5.48806e-12
1.37201e-11
-1.92082e-11
0
1.09761e-11
0
5.48806e-12
1.37201e-11
8.23208e-12
5.48806e-12
0
2.74403e-12
1.37201e-11
-2.19522e-11
8.23208e-12
5.48806e-12
5.48806e-12
-1.37201e-11
8.23208e-12
-5.48806e-12
8.23208e-12
2.74403e-12
1.09761e-11
5.48806e-12
-1.92082e-11
8.23208e-12
8.23208e-12
0
1.09761e-11
8.23208e-12
0
5.48806e-12
1.37201e-11
8.23208e-12
5.48806e-12
0
2.74403e-12
-1.64642e-11
-2.74403e-12
0
-3.61806e-11
0
-5.56624e-12
-1.94818e-11
-2.2265e-11
-5.28793e-11
-6.12287e-11
-3.33974e-11
-2.50481e-11
-6.12287e-11
-6.12287e-11
-3.33974e-11
-3.33974e-11
-3.33974e-11
-2.50481e-11
-2.50481e-11
-3.06143e-11
-5.56624e-12
-3.33974e-11
-1.66987e-11
-3.33974e-11
-3.33974e-11
-1.66987e-11
-2.50481e-11
-3.33974e-11
-6.40118e-11
-2.50481e-11
8.34936e-12
-6.40118e-11
-3.33974e-11
-3.33974e-11
-5.56624e-11
-2.50481e-11
-3.89637e-11
-6.40118e-11
8.34936e-12
-5.56624e-12
-3.89637e-11
-5.56624e-11
-5.00962e-11
-3.33974e-11
-3.33974e-11
-3.33974e-11
-3.33974e-11
-1.66987e-11
-5.00962e-11
-3.33974e-11
-3.33974e-11
-2.50481e-11
-3.33974e-11
-3.89637e-11
2.78312e-12
-3.33974e-11
-3.33974e-11
-3.06143e-11
5.28793e-11
2.78312e-12
-5.56624e-12
-3.61806e-11
-3.33974e-11
-3.33974e-11
-1.94818e-11
-3.89637e-11
-3.33974e-11
2.78312e-12
-3.33974e-11
2.78312e-12
-1.11325e-11
-5.56624e-12
-1.94818e-11
-3.33974e-11
-3.33974e-11
4.45299e-11
0
-5.56624e-12
-5.56624e-12
-2.50481e-11
-2.50481e-11
-5.56624e-12
0
5.56624e-12
-6.40118e-11
1.39156e-11
-3.33974e-11
-3.33974e-11
-3.33974e-11
-3.33974e-11
-3.06143e-11
-2.50481e-11
-3.33974e-11
-5.56624e-12
2.78312e-12
-1.11325e-11
-6.40118e-11
-8.34936e-12
-3.33974e-11
0
4.45299e-11
2.78312e-12
0
0
-8.46831e-12
-1.41139e-11
8.46831e-12
-2.82277e-12
-2.82277e-12
0
0
0
-3.95188e-11
-2.82277e-12
-1.12911e-11
-5.64554e-12
-5.64554e-12
-5.64554e-12
-5.64554e-12
-2.54049e-11
0
-1.12911e-11
-2.82277e-12
-5.64554e-12
-5.64554e-12
0
-5.64554e-12
-1.41139e-11
-2.82277e-12
-4.51643e-11
-1.69366e-11
-2.82277e-12
-5.64554e-12
-5.64554e-12
-4.23416e-11
-1.41139e-11
-3.10505e-11
-3.38732e-11
0
-1.41139e-11
-3.6696e-11
-4.23416e-11
-3.95188e-11
-1.41139e-11
-5.64554e-12
-4.51643e-11
-1.41139e-11
-4.23416e-11
-1.41139e-11
-4.51643e-11
-4.51643e-11
-1.41139e-11
0
5.64554e-12
-3.6696e-11
-3.6696e-11
-3.6696e-11
0
0
-3.38732e-11
-2.82277e-12
2.82277e-12
-3.6696e-11
-2.82277e-11
-3.6696e-11
-3.10505e-11
-3.6696e-11
-2.82277e-12
-5.64554e-12
5.64554e-12
1.41139e-11
-2.82277e-12
-3.38732e-11
-3.6696e-11
0
0
-5.64554e-12
-3.6696e-11
5.64554e-12
0
0
-3.6696e-11
5.64554e-12
0
0
0
-5.64554e-12
-5.64554e-12
-3.6696e-11
-5.64554e-12
5.64554e-12
1.41139e-11
-3.6696e-11
-2.82277e-12
-3.10505e-11
0
0
5.64554e-12
-3.6696e-11
-8.46831e-12
0
-5.64554e-12
0
4.00818e-11
1.43149e-11
1.43149e-11
2.57669e-11
1.00204e-10
5.43967e-11
6.87116e-11
6.58486e-11
4.58077e-11
9.44785e-11
6.58486e-11
3.72188e-11
4.58077e-11
4.58077e-11
6.58486e-11
4.58077e-11
4.29448e-11
6.29857e-11
4.58077e-11
2.57669e-11
4.58077e-11
6.58486e-11
1.71779e-11
6.58486e-11
3.43558e-11
6.58486e-11
4.58077e-11
4.86707e-11
7.44376e-11
3.72188e-11
4.86707e-11
7.44376e-11
3.43558e-11
6.58486e-11
6.58486e-11
4.58077e-11
1.71779e-11
4.29448e-11
6.58486e-11
8.01636e-11
3.43558e-11
4.58077e-11
3.72188e-11
3.43558e-11
6.58486e-11
5.15337e-11
4.58077e-11
3.72188e-11
3.43558e-11
3.43558e-11
3.43558e-11
8.58895e-12
3.72188e-11
4.86707e-11
3.72188e-11
2.86298e-11
1.14519e-11
8.58895e-12
4.86707e-11
3.72188e-11
4.00818e-11
4.86707e-11
3.72188e-11
4.86707e-11
5.72597e-12
3.72188e-11
3.43558e-11
7.73006e-11
5.72597e-12
2.29039e-11
4.00818e-11
3.43558e-11
1.14519e-11
0
8.58895e-12
5.72597e-12
4.58077e-11
3.43558e-11
-5.72597e-12
0
2.86298e-11
6.58486e-11
5.72597e-12
3.72188e-11
4.86707e-11
4.86707e-11
3.14928e-11
3.43558e-11
3.72188e-11
3.72188e-11
8.58895e-12
3.72188e-11
6.01227e-11
6.58486e-11
1.71779e-11
3.72188e-11
0
1.14519e-11
-2.86298e-12
0
-2.90377e-12
0
5.80754e-12
0
5.80754e-12
2.90377e-12
0
-5.80754e-12
0
3.48453e-11
2.90377e-12
8.71131e-12
5.80754e-12
-5.80754e-12
0
2.90377e-12
-2.90377e-12
2.90377e-12
2.03264e-11
2.90377e-12
2.90377e-12
5.80754e-12
-5.80754e-12
5.80754e-12
1.45189e-11
0
4.35566e-11
1.45189e-11
2.90377e-12
2.90377e-12
2.90377e-12
4.35566e-11
1.45189e-11
3.19415e-11
3.48453e-11
0
1.45189e-11
2.61339e-11
4.35566e-11
3.19415e-11
1.45189e-11
2.90377e-12
4.35566e-11
1.45189e-11
4.35566e-11
8.71131e-12
3.48453e-11
3.7749e-11
1.45189e-11
0
0
3.48453e-11
2.61339e-11
3.48453e-11
2.90377e-12
-2.90377e-12
3.48453e-11
5.80754e-12
-8.71131e-12
3.48453e-11
2.61339e-11
3.48453e-11
2.61339e-11
3.48453e-11
2.90377e-12
2.90377e-12
-8.71131e-12
-2.03264e-11
-5.80754e-12
3.48453e-11
3.7749e-11
0
0
2.90377e-12
3.48453e-11
2.90377e-12
-2.90377e-12
0
3.48453e-11
0
-2.90377e-12
0
2.90377e-12
2.90377e-12
2.90377e-12
3.48453e-11
5.80754e-12
0
-2.32302e-11
3.48453e-11
5.80754e-12
2.61339e-11
0
0
0
3.48453e-11
8.71131e-12
0
8.71131e-12
0
-2.94514e-12
-8.83542e-12
-5.89028e-12
-2.0616e-11
-3.82868e-11
0
-2.94514e-12
-1.17806e-11
-5.89028e-12
-2.65063e-11
0
0
-5.89028e-12
-5.89028e-12
-2.65063e-11
-8.83542e-12
-5.59577e-11
-1.17806e-11
-8.83542e-12
-8.83542e-12
-3.82868e-11
-5.59577e-11
0
-2.65063e-11
-2.94514e-11
-2.94514e-11
-8.83542e-12
-2.94514e-12
-8.83542e-12
0
-1.17806e-11
-8.83542e-12
0
-7.95188e-11
0
-1.17806e-11
-1.17806e-11
-5.89028e-12
-4.71222e-11
-2.65063e-11
0
-8.83542e-12
0
-2.94514e-11
0
1.47257e-11
-5.89028e-12
0
5.89028e-12
0
-2.94514e-11
0
0
-4.1232e-11
0
0
-1.17806e-11
-1.17806e-11
-5.89028e-11
-5.89028e-12
-5.30125e-11
-1.76708e-11
0
-1.17806e-11
-4.71222e-11
-5.89028e-12
0
-1.17806e-11
-5.00674e-11
-5.89028e-12
-3.53417e-11
0
-1.17806e-11
-8.83542e-12
-2.94514e-11
-2.94514e-11
-5.89028e-11
0
1.47257e-11
0
-2.65063e-11
0
0
0
-1.17806e-11
-1.17806e-11
8.83542e-12
0
0
0
-1.17806e-11
-5.00674e-11
5.89028e-12
1.76708e-11
0
-2.94514e-11
0
0
0
0
2.9871e-12
-1.19484e-11
2.9871e-12
-5.97419e-12
0
0
-8.96129e-12
-2.9871e-12
0
0
0
0
-5.97419e-12
5.97419e-12
-5.97419e-12
0
5.97419e-12
-5.97419e-12
-5.97419e-12
-5.97419e-12
-2.9871e-12
0
5.97419e-12
-1.19484e-11
5.97419e-12
8.96129e-12
0
0
0
0
-5.97419e-12
0
-5.97419e-12
0
-5.97419e-12
-5.97419e-12
0
8.96129e-12
-8.96129e-12
0
1.19484e-11
-5.97419e-12
0
5.97419e-12
-5.97419e-12
5.97419e-12
5.97419e-12
5.97419e-12
-8.96129e-12
0
-2.9871e-12
0
8.96129e-12
-2.9871e-12
0
-2.9871e-12
0
-8.96129e-12
1.49355e-11
2.9871e-12
1.49355e-11
0
8.96129e-12
0
-2.9871e-12
0
8.96129e-12
5.97419e-12
1.49355e-11
0
5.97419e-12
0
0
0
8.96129e-12
5.97419e-12
5.97419e-12
0
0
-5.97419e-12
8.96129e-12
1.19484e-11
1.19484e-11
5.97419e-12
-8.96129e-12
-5.97419e-12
-5.97419e-12
-5.97419e-12
-2.9871e-12
0
0
1.49355e-11
8.96129e-12
0
-5.97419e-12
5.97419e-12
-5.97419e-12
-5.97419e-12
-5.97419e-12
3.02965e-12
0
6.05931e-12
0
1.21186e-11
0
-3.02965e-12
0
-1.81779e-11
-9.08896e-12
0
0
0
-3.02965e-12
0
0
0
5.15041e-11
0
-6.05931e-12
0
2.72669e-11
2.12076e-11
0
0
1.81779e-11
2.42372e-11
0
-9.08896e-12
0
0
-9.08896e-12
0
-9.08896e-12
5.15041e-11
0
-9.08896e-12
0
0
5.15041e-11
0
0
0
0
2.42372e-11
-3.02965e-12
-1.81779e-11
-6.05931e-12
0
-3.02965e-12
0
2.72669e-11
-3.02965e-12
0
2.72669e-11
0
-3.02965e-11
-6.05931e-12
6.05931e-12
9.08896e-12
-3.02965e-11
4.54448e-11
3.02965e-12
0
0
3.63558e-11
6.05931e-12
1.81779e-11
0
4.54448e-11
-3.02965e-11
2.42372e-11
1.81779e-11
0
9.08896e-12
2.12076e-11
2.42372e-11
4.54448e-11
0
-3.02965e-12
0
0
0
0
-9.08896e-12
0
0
0
-3.02965e-12
0
0
6.05931e-12
4.54448e-11
0
-1.81779e-11
0
2.42372e-11
0
-1.51483e-11
0
0
9.21844e-12
1.84369e-11
1.53641e-11
3.3801e-11
1.53641e-11
0
1.22913e-11
3.68738e-11
9.21844e-12
3.99466e-11
3.07281e-12
2.76553e-11
3.99466e-11
6.14563e-12
2.45825e-11
3.99466e-11
3.07281e-12
1.22913e-11
6.14563e-12
1.22913e-11
4.60922e-11
3.99466e-11
0
6.14563e-12
3.99466e-11
3.99466e-11
3.99466e-11
0
3.99466e-11
9.21844e-12
4.9165e-11
3.99466e-11
6.14563e-12
-3.07281e-12
4.60922e-11
9.21844e-12
3.99466e-11
0
1.22913e-11
-3.07281e-12
-1.22913e-11
1.22913e-11
9.21844e-12
3.99466e-11
4.60922e-11
0
6.14563e-12
9.21844e-12
1.53641e-11
3.99466e-11
4.60922e-11
3.07281e-12
3.99466e-11
1.53641e-11
9.21844e-12
0
6.14563e-12
1.53641e-11
3.68738e-11
3.07281e-12
6.14563e-12
9.21844e-12
9.21844e-12
9.21844e-12
4.9165e-11
3.99466e-11
6.14563e-12
0
-3.07281e-12
6.14563e-12
9.21844e-12
6.14563e-12
0
1.53641e-11
-3.07281e-12
9.21844e-12
-3.07281e-12
0
0
1.53641e-11
-9.21844e-12
2.76553e-11
-3.07281e-12
3.07281e-12
1.84369e-11
1.22913e-11
9.21844e-12
9.21844e-12
9.21844e-12
3.99466e-11
3.99466e-11
9.21844e-12
-1.22913e-11
-3.07281e-12
1.53641e-11
9.21844e-12
4.60922e-11
1.84369e-11
6.14563e-12
0
1.24664e-11
2.80493e-11
0
-3.11659e-12
1.5583e-11
1.5583e-11
1.5583e-11
1.24664e-11
4.98655e-11
0
6.23318e-12
9.34977e-12
1.5583e-11
0
1.5583e-11
1.24664e-11
1.24664e-11
1.5583e-11
3.11659e-12
1.5583e-11
3.73991e-11
2.80493e-11
0
1.24664e-11
1.86995e-11
1.5583e-11
1.5583e-11
6.23318e-12
0
1.24664e-11
5.60986e-11
1.24664e-11
5.60986e-11
6.23318e-12
1.5583e-11
1.86995e-11
1.5583e-11
0
0
0
1.86995e-11
0
1.5583e-11
1.5583e-11
3.11659e-12
3.11659e-12
9.34977e-12
0
1.5583e-11
4.36323e-11
5.2982e-11
6.23318e-12
1.5583e-11
1.5583e-11
1.5583e-11
1.24664e-11
2.18161e-11
1.5583e-11
6.23318e-11
5.60986e-11
0
3.11659e-12
3.11659e-11
1.5583e-11
3.11659e-12
0
-1.5583e-11
1.5583e-11
3.11659e-12
5.60986e-11
0
0
6.23318e-12
0
0
0
0
1.86995e-11
2.18161e-11
0
0
2.18161e-11
1.5583e-11
2.49327e-11
0
-6.23318e-12
1.5583e-11
3.73991e-11
-3.11659e-12
0
2.80493e-11
0
0
0
1.5583e-11
1.24664e-11
0
9.34977e-12
6.23318e-12
6.32198e-12
-9.48297e-12
-1.2644e-11
-1.2644e-11
-1.89659e-11
-1.2644e-11
6.32198e-12
0
-2.52879e-11
-9.48297e-12
-3.79319e-11
-9.48297e-12
-1.89659e-11
-3.47709e-11
-6.32198e-12
-1.2644e-11
-3.47709e-11
0
0
0
-3.16099e-12
-4.10929e-11
-4.10929e-11
0
6.32198e-12
-3.47709e-11
-3.47709e-11
-3.47709e-11
0
-3.47709e-11
-3.16099e-12
-4.10929e-11
-3.47709e-11
3.16099e-12
6.32198e-12
-3.47709e-11
6.32198e-12
-3.47709e-11
0
-6.32198e-12
3.16099e-12
3.16099e-12
0
-3.16099e-12
-3.47709e-11
-3.47709e-11
0
-3.16099e-12
-3.16099e-12
-3.16099e-12
-3.79319e-11
-4.10929e-11
0
-3.47709e-11
-6.32198e-12
-3.16099e-12
0
-9.48297e-12
-9.48297e-12
-4.10929e-11
-6.32198e-12
-6.32198e-12
-3.16099e-12
-1.2644e-11
-3.16099e-12
-4.10929e-11
-3.47709e-11
-9.48297e-12
0
9.48297e-12
-3.16099e-12
-9.48297e-12
-6.32198e-12
3.16099e-12
-3.16099e-12
3.16099e-12
-3.16099e-12
3.16099e-12
3.16099e-12
0
-9.48297e-12
0
-4.10929e-11
-3.16099e-12
-3.16099e-12
-3.16099e-12
0
-3.16099e-12
-3.16099e-12
3.16099e-12
-2.84489e-11
-4.10929e-11
-9.48297e-12
3.16099e-12
9.48297e-12
-3.16099e-12
3.16099e-12
-3.47709e-11
-1.2644e-11
0
0
-1.28241e-11
-2.88542e-11
0
3.20602e-12
-9.61807e-12
-9.61807e-12
-9.61807e-12
-1.60301e-11
-4.80904e-11
6.41205e-12
-9.61807e-12
-9.61807e-12
-9.61807e-12
0
-1.28241e-11
-9.61807e-12
-1.28241e-11
-1.28241e-11
0
-1.92361e-11
-3.84723e-11
-2.56482e-11
0
-9.61807e-12
-9.61807e-12
-1.28241e-11
-1.28241e-11
-6.41205e-12
3.20602e-12
-9.61807e-12
-4.16783e-11
-9.61807e-12
-4.16783e-11
-6.41205e-12
-1.28241e-11
-9.61807e-12
-1.28241e-11
0
0
0
-1.28241e-11
3.20602e-12
-1.28241e-11
-1.28241e-11
3.20602e-12
0
3.20602e-12
3.20602e-12
-1.28241e-11
-3.84723e-11
-4.48843e-11
3.20602e-12
-1.28241e-11
-1.92361e-11
-1.28241e-11
-6.41205e-12
-1.28241e-11
-1.28241e-11
-2.24422e-11
-1.92361e-11
0
3.20602e-12
-2.88542e-11
-1.28241e-11
3.20602e-12
3.20602e-12
0
-1.60301e-11
0
-1.28241e-11
0
-1.92361e-11
0
3.20602e-12
9.61807e-12
3.20602e-12
0
-1.28241e-11
-1.92361e-11
0
0
-2.24422e-11
-1.28241e-11
-1.28241e-11
3.20602e-12
9.61807e-12
-1.28241e-11
-2.56482e-11
9.61807e-12
1.28241e-11
-2.88542e-11
0
0
3.20602e-12
-1.28241e-11
0
3.20602e-12
-6.41205e-12
-6.41205e-12
)
;

boundaryField
{
    patch1
    {
        type            calculated;
        value           nonuniform List<scalar> 
50
(
-4.80904e-12
-8.12924e-12
0
0
-5.08899e-12
-1.7205e-12
0
1.76987e-12
3.59017e-12
-1.45653e-11
-7.38638e-12
9.36451e-12
7.59833e-12
-1.92665e-12
0
1.98193e-12
6.0305e-12
0
0
2.09731e-12
-2.12719e-12
3.88349e-11
4.37646e-12
-3.99493e-11
-9.00409e-12
0
0
0
7.1462e-12
7.24801e-12
-7.35126e-12
-2.48533e-12
0
-5.1133e-12
-2.59307e-12
2.63001e-12
0
0
-2.74403e-12
2.78312e-12
-5.64554e-12
-2.86298e-12
8.71131e-12
0
-5.97419e-12
0
6.14563e-12
6.23318e-12
0
-6.41205e-12
)
;
    }
    patch2
    {
        type            calculated;
        value           nonuniform List<scalar> 
50
(
0
1.62585e-12
-1.64901e-12
-5.01751e-12
-1.69633e-12
0
1.74501e-12
0
0
-7.28263e-12
0
7.49161e-12
0
0
-1.95409e-12
-1.98193e-12
-6.0305e-12
6.11642e-12
4.1357e-12
0
0
8.62998e-12
0
-6.65821e-12
0
-2.28309e-12
-2.31562e-12
4.69721e-12
9.52827e-12
0
-4.90084e-12
2.48533e-12
0
-1.02266e-11
0
0
0
0
0
0
0
0
0
0
0
3.02965e-12
0
0
6.32198e-12
0
)
;
    }
    patch3
    {
        type            calculated;
        value           uniform 0;
    }
    patch4
    {
        type            calculated;
        value           uniform 0;
    }
    defaultFaces
    {
        type            empty;
    }
}


// ************************************************************************* //
