/*--------------------------------*- C++ -*----------------------------------*\
| =========                 |                                                 |
| \\      /  F ield         | OpenFOAM: The Open Source CFD Toolbox           |
|  \\    /   O peration     | Version:  v2012                                 |
|   \\  /    A nd           | Website:  www.openfoam.com                      |
|    \\/     M anipulation  |                                                 |
\*---------------------------------------------------------------------------*/
FoamFile
{
    version     2.0;
    format      ascii;
    class       volScalarField;
    location    "0.1";
    object      gradTx;
}
// * * * * * * * * * * * * * * * * * * * * * * * * * * * * * * * * * * * * * //

dimensions      [0 -1 0 1 0 0 0];


internalField   nonuniform List<scalar> 
5000
(
0
0
0
1.60301e-11
5.12964e-11
-2.24422e-11
-3.52663e-11
6.41205e-12
-2.24422e-11
0
6.41205e-12
-6.41205e-12
-6.41205e-12
2.24422e-11
1.92361e-11
-2.24422e-11
-1.92361e-11
0
0
4.48843e-11
0
-2.56482e-11
3.20602e-12
-1.60301e-11
-6.41205e-12
0
0
5.77084e-11
0
-5.77084e-11
1.28241e-11
0
-1.28241e-11
5.77084e-11
1.28241e-11
-3.52663e-11
0
0
0
3.52663e-11
9.61807e-12
-5.77084e-11
-2.88542e-11
0
6.41205e-12
2.24422e-11
0
-2.24422e-11
0
0
0
0
0
0
0
0
2.24422e-11
0
-2.24422e-11
0
0
0
5.77084e-11
0
-5.77084e-11
0
0
5.77084e-11
0
0
5.77084e-11
-3.52663e-11
-3.52663e-11
-1.60301e-11
-1.60301e-11
-6.41205e-12
1.60301e-11
1.28241e-11
3.52663e-11
-1.28241e-11
-5.77084e-11
-6.41205e-12
2.56482e-11
2.56482e-11
-9.61807e-12
0
4.48843e-11
0
-5.77084e-11
-2.24422e-11
0
0
0
2.24422e-11
1.28241e-11
-2.24422e-11
-1.28241e-11
2.24422e-11
2.24422e-11
0
6.5034e-12
5.85306e-11
4.55238e-11
-6.5034e-12
-1.30068e-11
0
-2.60136e-11
0
-1.30068e-11
-9.75509e-12
3.2517e-11
1.62585e-11
-3.2517e-11
-6.5034e-12
0
-5.20272e-11
5.20272e-11
6.5034e-12
-4.55238e-11
6.5034e-12
-6.5034e-12
-1.30068e-11
5.20272e-11
6.5034e-12
-5.20272e-11
-6.5034e-12
5.20272e-11
5.20272e-11
-5.20272e-11
0
0
-5.20272e-11
0
5.20272e-11
5.20272e-11
-5.20272e-11
0
0
0
5.20272e-11
-5.20272e-11
-5.20272e-11
5.20272e-11
0
-5.20272e-11
5.20272e-11
0
-5.20272e-11
0
0
0
0
0
1.95102e-11
0
-1.95102e-11
-3.2517e-12
-6.5034e-12
0
2.27619e-11
5.52789e-11
-2.27619e-11
-5.52789e-11
0
6.5034e-12
2.27619e-11
0
-2.27619e-11
-6.5034e-12
0
0
5.52789e-11
6.5034e-12
-5.20272e-11
1.95102e-11
0
-2.27619e-11
-6.5034e-12
2.27619e-11
5.52789e-11
-1.62585e-11
-5.52789e-11
-6.5034e-12
5.52789e-11
5.85306e-11
0
-3.57687e-11
0
-2.27619e-11
-5.52789e-11
6.5034e-12
2.27619e-11
3.90204e-11
2.92653e-11
1.62585e-11
-5.85306e-11
-4.87755e-11
0
3.2517e-12
1.30068e-11
-3.29802e-12
-1.31921e-11
0
6.59605e-12
-6.59605e-12
-6.59605e-12
0
0
0
0
0
0
6.59605e-12
0
0
0
-6.59605e-12
0
0
6.59605e-12
0
-6.59605e-12
0
0
6.59605e-12
0
-6.59605e-12
0
0
0
0
0
0
0
0
0
0
0
0
0
0
0
0
0
0
0
0
0
0
0
0
0
0
0
0
0
0
0
0
0
0
0
0
0
0
0
2.30862e-11
5.60664e-11
-1.97881e-11
-5.93644e-11
0
0
0
0
0
0
0
5.93644e-11
5.60664e-11
-5.60664e-11
-5.93644e-11
0
3.95763e-11
2.30862e-11
-3.95763e-11
-2.30862e-11
0
0
0
0
0
0
0
0
0
0
0
0
0
0
1.0035e-11
0
0
0
-1.0035e-11
3.34501e-12
6.69002e-12
-6.69002e-12
6.69002e-12
0
2.34151e-11
0
-3.34501e-11
3.34501e-12
6.69002e-12
0
1.6725e-11
0
-2.34151e-11
0
6.69002e-12
-6.69002e-12
0
6.69002e-12
0
0
-6.69002e-12
0
6.69002e-12
-6.69002e-12
0
6.69002e-12
0
1.0035e-11
-3.34501e-12
-1.338e-11
6.69002e-12
0
0
0
0
0
0
-6.69002e-12
0
0
-1.6725e-11
6.69002e-12
3.34501e-11
0
-1.6725e-11
6.69002e-12
0
0
0
3.34501e-12
0
-3.34501e-12
0
0
0
-6.69002e-12
0
6.69002e-12
0
0
0
-1.338e-11
0
1.338e-11
0
-6.69002e-12
6.69002e-12
0
-6.69002e-12
0
0
6.69002e-12
0
-6.69002e-12
0
-6.69002e-12
6.69002e-12
6.69002e-12
0
0
0
0
0
0
-6.69002e-12
-6.69002e-12
-3.34501e-12
3.34501e-12
0
-3.34501e-12
0
3.34501e-12
1.338e-11
3.34501e-12
5.76753e-11
5.42826e-11
0
0
0
0
-3.39266e-11
-3.39266e-11
3.39266e-11
0
-5.08899e-11
0
1.69633e-11
3.39266e-11
-3.39266e-12
0
3.73193e-11
0
-5.42826e-11
-5.08899e-11
1.69633e-11
-6.78532e-12
-1.0178e-11
0
-6.78532e-12
0
0
5.76753e-11
3.39266e-12
-5.08899e-11
-3.39266e-12
-6.78532e-12
6.78532e-12
0
-6.78532e-12
0
0
6.78532e-12
0
0
3.39266e-12
5.08899e-11
-3.39266e-12
-5.76753e-11
0
0
0
3.39266e-11
5.76753e-11
-1.35706e-11
-5.42826e-11
-2.37486e-11
2.37486e-11
2.0356e-11
0
0
-2.0356e-11
-2.37486e-11
6.78532e-12
0
-6.78532e-12
0
0
5.76753e-11
5.42826e-11
0
-5.08899e-11
-3.39266e-11
-3.39266e-12
-2.37486e-11
0
0
0
0
6.78532e-12
0
-2.37486e-11
0
1.69633e-11
0
2.37486e-11
0
-2.37486e-11
0
-1.0178e-11
-1.35706e-11
0
1.35706e-11
2.71413e-11
6.78532e-12
-1.69633e-11
-6.78532e-12
6.78532e-12
0
-6.78532e-12
0
0
-6.78532e-12
0
6.78532e-12
3.441e-12
6.88199e-12
0
0
-1.7205e-11
0
1.7205e-11
-3.441e-11
-6.88199e-12
4.12919e-11
0
-1.7205e-11
-4.12919e-11
1.7205e-11
3.441e-11
6.88199e-12
-1.7205e-11
0
-2.4087e-11
0
3.441e-11
6.88199e-12
0
0
-4.12919e-11
6.88199e-12
0
0
3.441e-11
-3.441e-11
-6.88199e-12
6.88199e-12
-4.12919e-11
4.12919e-11
0
0
0
-6.88199e-12
6.88199e-12
0
3.441e-11
-3.441e-11
-6.88199e-12
4.12919e-11
-4.12919e-11
6.88199e-12
0
-4.12919e-11
0
0
0
0
4.12919e-11
0
-4.12919e-11
3.0969e-11
3.441e-12
-3.441e-11
4.12919e-11
0
-4.12919e-11
3.0969e-11
3.441e-11
0
3.441e-12
-2.7528e-11
0
2.7528e-11
-3.441e-11
0
3.441e-11
0
6.88199e-12
0
-3.441e-11
0
3.441e-11
-6.88199e-12
0
6.88199e-12
0
-3.441e-11
0
-6.88199e-12
-3.441e-11
4.12919e-11
0
-4.12919e-11
4.12919e-11
-6.88199e-12
6.88199e-12
-2.4087e-11
-3.441e-12
5.50559e-11
6.88199e-12
-6.88199e-12
0
6.88199e-12
0
0
3.49002e-12
6.98003e-12
-6.98003e-12
-3.49002e-12
1.04701e-11
0
-1.04701e-11
3.49002e-12
1.39601e-11
-6.98003e-12
0
6.98003e-12
-3.49002e-11
-6.98003e-12
2.44301e-11
0
1.04701e-11
0
-1.04701e-11
0
3.49002e-12
6.98003e-12
-6.98003e-12
-1.39601e-11
0
1.04701e-11
0
0
0
0
0
0
-1.04701e-11
0
0
-5.93303e-11
1.04701e-11
5.93303e-11
0
0
-1.74501e-11
-4.18802e-11
1.39601e-11
4.53702e-11
0
3.49002e-12
-3.83902e-11
-6.98003e-12
4.18802e-11
-1.04701e-11
-5.93303e-11
1.04701e-11
5.93303e-11
-4.53702e-11
-5.93303e-11
4.53702e-11
5.93303e-11
-6.98003e-12
-3.83902e-11
1.04701e-11
3.83902e-11
-3.49002e-12
-5.93303e-11
0
5.93303e-11
0
0
0
-5.93303e-11
0
5.93303e-11
0
-5.93303e-11
-3.49002e-12
5.58403e-11
6.98003e-12
0
-5.93303e-11
-3.49002e-12
5.58403e-11
-3.49002e-11
6.98003e-12
3.49002e-11
0
-5.93303e-11
-1.04701e-11
5.93303e-11
1.04701e-11
0
0
-6.98003e-12
6.98003e-12
1.04701e-11
-6.98003e-12
-3.49002e-12
0
-5.93303e-11
0
5.23503e-11
-3.49002e-12
-3.53974e-12
0
3.53974e-12
0
0
-1.41589e-11
0
1.41589e-11
0
-3.53974e-12
0
3.53974e-12
-1.41589e-11
3.53974e-12
0
-2.12384e-11
1.06192e-11
1.76987e-11
0
0
3.53974e-12
-1.41589e-11
0
1.06192e-11
0
3.53974e-12
0
0
0
0
0
0
0
0
-1.41589e-11
0
1.41589e-11
0
-1.41589e-11
0
1.06192e-11
0
3.53974e-12
0
0
0
0
0
0
-1.41589e-11
0
0
-1.76987e-11
1.76987e-11
1.41589e-11
0
0
0
-1.41589e-11
0
1.41589e-11
0
0
-1.41589e-11
0
1.41589e-11
-1.41589e-11
-1.41589e-11
-4.60166e-11
1.76987e-11
4.60166e-11
-1.76987e-11
1.41589e-11
1.41589e-11
0
-4.60166e-11
-1.06192e-11
4.24768e-11
1.06192e-11
3.53974e-12
0
-1.06192e-11
-3.89371e-11
3.53974e-12
3.18576e-11
0
-1.41589e-11
-4.95563e-11
1.76987e-11
5.66358e-11
3.53974e-12
-1.41589e-11
-6.01755e-11
1.76987e-11
4.60166e-11
-1.06192e-11
-4.60166e-11
1.06192e-11
5.66358e-11
0
-5.74427e-11
-4.3082e-11
3.59017e-12
-1.79508e-11
0
4.66722e-11
5.74427e-11
-4.66722e-11
-5.74427e-11
0
0
5.74427e-11
1.07705e-11
-5.38525e-11
3.94918e-11
1.43607e-11
-5.38525e-11
4.3082e-11
1.07705e-11
-5.38525e-11
-1.43607e-11
1.43607e-11
1.43607e-11
0
3.59017e-11
2.87213e-11
-4.66722e-11
0
0
1.07705e-11
4.66722e-11
-1.07705e-11
0
-4.66722e-11
7.18033e-12
4.3082e-11
0
1.43607e-11
0
-5.74427e-11
3.59017e-12
3.94918e-11
-5.38525e-11
1.43607e-11
4.66722e-11
-6.10328e-11
0
6.10328e-11
-4.66722e-11
0
6.4623e-11
0
-6.4623e-11
0
3.94918e-11
-1.43607e-11
3.59017e-12
1.07705e-11
-4.3082e-11
0
5.74427e-11
3.59017e-12
0
0
-1.79508e-11
7.18033e-12
3.23115e-11
-3.59017e-12
-2.87213e-11
7.18033e-12
0
-6.4623e-11
0
5.02623e-11
1.79508e-11
7.18033e-12
-7.18033e-12
7.18033e-12
-5.74427e-11
-7.18033e-12
3.94918e-11
0
1.79508e-11
-5.74427e-11
-1.07705e-11
0
1.07705e-11
5.74427e-11
0
0
-3.59017e-12
0
3.59017e-12
7.18033e-12
1.43607e-11
-3.59017e-12
-1.79508e-11
0
0
0
0
0
0
0
0
0
0
0
0
0
3.64131e-12
0
-3.64131e-12
0
3.64131e-12
3.64131e-11
0
-4.00544e-11
0
1.09239e-11
0
-7.28263e-12
0
-3.64131e-12
0
0
0
0
0
0
0
0
0
0
0
0
0
0
0
0
0
0
1.09239e-11
0
-1.09239e-11
0
0
0
0
0
0
0
0
0
0
0
0
0
0
0
1.09239e-11
0
0
0
-1.09239e-11
0
1.09239e-11
0
-1.09239e-11
0
3.64131e-12
7.28263e-12
-7.28263e-12
-3.64131e-12
0
0
0
0
5.46197e-11
0
-5.46197e-11
0
0
0
0
0
0
0
0
0
3.64131e-12
0
-3.64131e-12
0
1.45653e-11
0
-3.64131e-12
2.18479e-11
-3.64131e-12
-1.82066e-11
0
7.38638e-12
0
-2.21591e-11
1.10796e-11
-2.21591e-11
-1.10796e-11
4.43183e-11
-2.21591e-11
0
3.32387e-11
1.10796e-11
-3.32387e-11
-7.38638e-12
3.69319e-11
3.69319e-12
0
-3.32387e-11
-3.32387e-11
2.21591e-11
-7.38638e-12
-1.47728e-11
3.32387e-11
3.32387e-11
-3.32387e-11
0
0
-3.32387e-11
-2.58523e-11
1.84659e-11
2.21591e-11
1.84659e-11
1.84659e-11
-3.69319e-11
0
3.69319e-11
3.69319e-12
0
-3.69319e-12
-1.47728e-11
-4.43183e-11
1.84659e-11
5.53978e-11
-5.53978e-11
-1.84659e-11
4.43183e-11
-4.43183e-11
-1.84659e-11
5.9091e-11
3.32387e-11
-3.32387e-11
-3.32387e-11
0
0
0
1.10796e-11
3.32387e-11
-1.10796e-11
0
2.21591e-11
-3.32387e-11
1.10796e-11
3.32387e-11
0
0
0
0
-2.21591e-11
0
-1.10796e-11
-1.10796e-11
3.32387e-11
1.10796e-11
-1.47728e-11
-3.69319e-11
1.84659e-11
3.32387e-11
-3.32387e-11
-1.10796e-11
3.32387e-11
1.10796e-11
0
-3.32387e-11
0
2.21591e-11
0
0
-3.32387e-11
4.06251e-11
2.21591e-11
-2.95455e-11
4.06251e-11
-2.21591e-11
-2.95455e-11
-1.10796e-11
0
3.32387e-11
-1.10796e-11
-3.32387e-11
-2.21591e-11
-2.24748e-11
-1.49832e-11
0
-1.12374e-11
2.24748e-11
-2.24748e-11
-5.99328e-11
2.24748e-11
4.86954e-11
-1.8729e-11
-1.8729e-11
4.12038e-11
0
-2.99664e-11
0
1.49832e-11
-2.62206e-11
2.99664e-11
4.49496e-11
0
-5.6187e-11
0
5.24412e-11
3.7458e-12
-2.62206e-11
-4.12038e-11
4.12038e-11
1.12374e-11
-2.24748e-11
2.24748e-11
-1.12374e-11
-1.8729e-11
3.37122e-11
-3.7458e-12
-5.99328e-11
7.49161e-12
4.49496e-11
0
0
-2.62206e-11
-2.99664e-11
2.24748e-11
4.12038e-11
-7.49161e-12
-3.37122e-11
7.49161e-12
3.37122e-11
-1.12374e-11
-2.99664e-11
0
-1.12374e-11
2.99664e-11
-1.8729e-11
-2.99664e-11
4.12038e-11
1.12374e-11
1.12374e-11
-3.37122e-11
-1.12374e-11
0
-7.49161e-12
0
1.8729e-11
0
-1.12374e-11
4.12038e-11
-1.8729e-11
-1.12374e-11
1.8729e-11
3.7458e-12
-1.49832e-11
1.49832e-11
4.12038e-11
0
-5.6187e-11
-1.8729e-11
4.12038e-11
-4.12038e-11
0
5.6187e-11
1.12374e-11
-1.49832e-11
-5.24412e-11
1.12374e-11
0
-1.12374e-11
1.8729e-11
1.12374e-11
-1.8729e-11
-1.12374e-11
0
0
0
-2.24748e-11
4.49496e-11
-2.24748e-11
-7.49161e-12
4.12038e-11
7.49161e-12
3.7458e-12
0
0
-3.79917e-12
-7.59833e-12
0
-1.13975e-11
7.59833e-12
1.51967e-11
-3.79917e-12
0
-7.59833e-12
-1.13975e-11
1.89958e-11
3.79917e-12
-3.79917e-12
0
3.79917e-12
-1.51967e-11
0
1.51967e-11
-3.79917e-12
0
0
-1.89958e-11
0
-2.65942e-11
-1.89958e-11
3.41925e-11
0
-3.79917e-12
2.2795e-11
0
-5.31883e-11
-1.13975e-11
0
2.2795e-11
5.31883e-11
3.79917e-12
0
-3.41925e-11
-4.559e-11
3.03933e-11
2.65942e-11
0
2.2795e-11
-4.559e-11
0
4.17908e-11
-4.559e-11
-1.89958e-11
4.559e-11
0
0
1.89958e-11
0
-1.13975e-11
-1.89958e-11
1.13975e-11
1.89958e-11
-1.89958e-11
-1.51967e-11
2.2795e-11
1.51967e-11
0
-3.79917e-12
0
-1.13975e-11
-1.89958e-11
1.13975e-11
1.89958e-11
-1.89958e-11
0
1.13975e-11
0
-1.51967e-11
1.13975e-11
1.51967e-11
-1.51967e-11
-1.13975e-11
1.51967e-11
-1.13975e-11
0
1.13975e-11
0
7.59833e-12
3.79917e-12
-3.79917e-12
0
-1.13975e-11
-2.2795e-11
1.13975e-11
1.51967e-11
-3.41925e-11
-1.51967e-11
3.79917e-11
7.59833e-12
-1.13975e-11
1.51967e-11
0
-3.79917e-12
-5.77994e-11
-5.39461e-11
-7.70658e-12
0
-3.85329e-12
0
0
0
0
0
0
0
1.15599e-11
0
0
0
-1.92665e-11
0
1.92665e-11
0
0
0
0
0
-1.92665e-11
0
1.92665e-11
-1.15599e-11
0
6.16527e-11
0
-6.16527e-11
0
1.15599e-11
0
3.85329e-11
0
-3.85329e-11
0
-1.15599e-11
0
1.15599e-11
-1.92665e-11
-1.54132e-11
0
3.46796e-11
1.15599e-11
-1.15599e-11
3.85329e-11
0
-3.85329e-11
5.00928e-11
0
-5.00928e-11
0
4.23862e-11
0
-4.23862e-11
0
3.85329e-11
2.6973e-11
0
-2.6973e-11
-3.85329e-11
4.23862e-11
5.39461e-11
3.85329e-12
0
-5.00928e-11
-5.00928e-11
4.23862e-11
0
-4.23862e-11
0
4.23862e-11
5.77994e-11
1.15599e-11
-3.85329e-12
0
3.85329e-12
-1.15599e-11
-5.77994e-11
-3.85329e-12
6.16527e-11
1.15599e-11
-1.15599e-11
-5.77994e-11
-4.23862e-11
5.00928e-11
3.85329e-11
7.70658e-12
-5.39461e-11
-5.00928e-11
6.16527e-11
5.39461e-11
-3.46796e-11
3.85329e-12
-2.6973e-11
0
6.16527e-11
0
0
0
0
0
1.56327e-11
0
0
1.95409e-11
-7.81637e-12
-1.56327e-11
-1.17246e-11
1.17246e-11
0
0
0
-1.17246e-11
1.17246e-11
-3.90819e-12
-1.95409e-11
7.81637e-12
1.56327e-11
2.34491e-11
-1.17246e-11
-2.34491e-11
0
0
7.81637e-12
-7.81637e-12
-1.17246e-11
-3.90819e-12
1.17246e-11
3.90819e-12
0
0
1.17246e-11
1.17246e-11
-1.56327e-11
-7.81637e-12
-1.17246e-11
0
1.17246e-11
-3.90819e-12
-1.17246e-11
3.90819e-12
1.17246e-11
-3.90819e-11
-2.73573e-11
3.90819e-11
2.73573e-11
0
0
0
0
7.81637e-12
1.56327e-11
-1.17246e-11
-1.17246e-11
0
-3.90819e-12
1.95409e-11
-7.81637e-12
-1.17246e-11
3.90819e-12
-3.90819e-12
3.90819e-12
0
1.56327e-11
7.81637e-12
-3.51737e-11
-3.90819e-12
1.56327e-11
-5.47146e-11
0
5.08064e-11
-2.34491e-11
1.17246e-11
4.29901e-11
-3.90819e-12
-1.56327e-11
1.56327e-11
-1.17246e-11
-1.17246e-11
0
-1.17246e-11
7.81637e-12
0
1.17246e-11
2.73573e-11
-1.17246e-11
-2.34491e-11
0
1.56327e-11
0
-5.08064e-11
0
4.29901e-11
0
-1.17246e-11
-1.17246e-11
-1.18916e-11
-1.58555e-11
-1.18916e-11
7.92773e-12
3.96386e-12
0
0
1.58555e-11
1.98193e-11
-7.92773e-12
-2.37832e-11
0
2.37832e-11
-5.15302e-11
0
5.9458e-11
0
-1.98193e-11
-5.54941e-11
-3.96386e-11
5.15302e-11
5.54941e-11
7.92773e-12
-1.18916e-11
-2.7747e-11
3.96386e-12
-2.7747e-11
-5.15302e-11
5.15302e-11
2.7747e-11
3.96386e-12
-2.7747e-11
-3.96386e-12
3.17109e-11
7.92773e-12
3.96386e-12
-1.58555e-11
0
1.58555e-11
-4.36025e-11
0
4.36025e-11
0
0
-4.36025e-11
-5.15302e-11
4.36025e-11
3.56748e-11
0
2.7747e-11
7.92773e-12
0
-1.98193e-11
0
1.18916e-11
-2.7747e-11
3.96386e-12
3.17109e-11
-1.98193e-11
-5.54941e-11
1.58555e-11
5.15302e-11
-1.58555e-11
0
1.58555e-11
7.92773e-12
-1.98193e-11
-3.96386e-12
2.7747e-11
3.96386e-12
-1.58555e-11
0
0
-3.96386e-12
-1.18916e-11
0
1.58555e-11
0
-3.96386e-12
-2.37832e-11
-1.58555e-11
1.98193e-11
1.18916e-11
0
-3.96386e-11
0
5.15302e-11
-1.58555e-11
3.96386e-12
1.18916e-11
0
7.92773e-12
-2.37832e-11
0
2.37832e-11
-1.18916e-11
-1.98193e-11
1.18916e-11
1.18916e-11
-3.96386e-12
0
0
-4.02033e-12
0
8.04067e-12
8.04067e-12
0
-5.62847e-11
-5.22644e-11
0
5.62847e-11
0
-1.2061e-11
4.8244e-11
-4.8244e-11
8.04067e-12
3.21627e-11
-4.8244e-11
2.01017e-11
4.42237e-11
0
0
-8.04067e-12
-8.04067e-12
8.04067e-12
4.02033e-12
0
-1.2061e-11
8.04067e-12
2.01017e-11
-1.2061e-11
-4.02033e-12
4.02033e-12
-4.8244e-11
4.02033e-12
5.22644e-11
0
4.02033e-12
0
-5.62847e-11
-4.02033e-12
4.8244e-11
-4.8244e-11
-5.22644e-11
3.6183e-11
3.21627e-11
2.4122e-11
2.01017e-11
-4.02033e-12
0
-8.04067e-12
-8.04067e-12
0
0
8.04067e-12
-4.42237e-11
-1.2061e-11
5.62847e-11
-4.42237e-11
-1.2061e-11
4.8244e-11
8.04067e-12
-4.42237e-11
-5.62847e-11
4.42237e-11
4.8244e-11
8.04067e-12
1.2061e-11
8.04067e-12
-2.01017e-11
-1.60813e-11
1.60813e-11
0
0
-4.42237e-11
-1.2061e-11
4.8244e-11
-8.04067e-12
0
0
-4.42237e-11
4.02033e-12
5.62847e-11
0
0
1.2061e-11
0
-1.2061e-11
-8.04067e-12
-4.8244e-11
0
5.62847e-11
-4.42237e-11
-1.2061e-11
4.02033e-11
0
8.04067e-12
0
8.04067e-12
1.2061e-11
0
0
8.15522e-12
1.22328e-11
-4.07761e-12
0
-1.22328e-11
0
4.07761e-12
-8.15522e-12
0
4.07761e-12
1.22328e-11
0
0
4.07761e-12
0
0
-4.07761e-12
-1.63104e-11
4.07761e-12
1.63104e-11
-1.63104e-11
4.07761e-12
2.44657e-11
-4.07761e-12
-2.03881e-11
0
1.22328e-11
0
0
-1.22328e-11
-8.15522e-12
8.15522e-12
0
0
1.22328e-11
8.15522e-12
0
-8.15522e-12
8.15522e-12
0
-2.03881e-11
0
2.85433e-11
1.22328e-11
-1.22328e-11
-8.15522e-12
-8.15522e-12
0
8.15522e-12
-1.22328e-11
0
1.63104e-11
-4.07761e-12
-8.15522e-12
8.15522e-12
0
-8.15522e-12
0
0
0
-1.22328e-11
0
2.03881e-11
4.07761e-12
-4.07761e-12
-8.15522e-12
8.15522e-12
0
-8.15522e-12
8.15522e-12
0
-2.03881e-11
0
1.22328e-11
0
0
8.15522e-12
4.07761e-12
-4.07761e-12
-2.03881e-11
8.15522e-12
1.22328e-11
0
4.07761e-12
-1.63104e-11
-8.15522e-12
2.03881e-11
0
-8.15522e-12
0
8.15522e-12
4.07761e-12
0
-4.07761e-12
-2.03881e-11
-8.15522e-12
1.63104e-11
1.63104e-11
0
0
0
0
0
0
0
0
0
-4.1357e-12
4.1357e-12
0
0
0
0
0
0
0
0
0
0
0
0
0
4.1357e-12
0
0
0
-4.1357e-12
0
0
0
0
0
0
-1.24071e-11
0
0
0
1.24071e-11
4.1357e-12
0
-4.1357e-12
0
4.1357e-12
0
-4.1357e-12
0
0
-1.24071e-11
0
1.24071e-11
0
-4.1357e-12
4.1357e-12
0
0
0
0
0
0
0
0
0
0
0
0
0
0
0
-4.1357e-12
4.1357e-12
0
0
-4.1357e-12
-8.2714e-12
-4.1357e-12
4.1357e-12
8.2714e-12
4.1357e-12
0
0
-1.24071e-11
0
0
0
0
0
1.24071e-11
0
-1.24071e-11
0
7.03069e-11
0
-5.78998e-11
-4.1357e-12
-8.2714e-12
-4.1357e-12
4.1357e-12
1.24071e-11
0
0
0
0
0
0
0
4.19462e-12
0
-4.19462e-12
0
0
4.19462e-12
0
0
-4.19462e-12
-8.38924e-12
1.25839e-11
0
-1.25839e-11
0
0
8.38924e-12
0
0
0
4.19462e-12
0
-4.19462e-12
4.19462e-12
0
0
0
0
-1.25839e-11
8.38924e-12
0
0
4.19462e-12
-1.25839e-11
8.38924e-12
8.38924e-12
-4.19462e-12
0
4.19462e-12
-4.19462e-12
0
4.19462e-12
-4.19462e-12
0
0
-1.25839e-11
0
0
8.38924e-12
4.19462e-12
-4.19462e-12
4.19462e-12
-4.19462e-12
0
0
-8.38924e-12
8.38924e-12
4.19462e-12
-4.19462e-12
-8.38924e-12
0
0
8.38924e-12
4.19462e-12
0
-4.19462e-12
4.19462e-12
-4.19462e-12
0
0
0
0
0
0
0
-8.38924e-12
0
0
0
8.38924e-12
-8.38924e-12
-4.19462e-12
4.19462e-12
0
0
1.25839e-11
0
-1.25839e-11
-4.19462e-12
-5.03354e-11
4.19462e-12
1.13255e-10
4.19462e-12
-5.03354e-11
0
8.50876e-12
0
0
0
-8.50876e-12
1.70175e-11
8.50876e-12
-8.50876e-12
0
8.50876e-12
8.50876e-12
-4.25438e-12
-1.27631e-11
0
8.50876e-12
-8.50876e-12
-8.50876e-12
-8.50876e-12
0
1.27631e-11
0
-1.27631e-11
0
1.27631e-11
1.27631e-11
0
-1.27631e-11
-1.27631e-11
1.27631e-11
1.27631e-11
0
0
-1.27631e-11
-1.27631e-11
0
8.50876e-12
4.25438e-12
0
-1.27631e-11
1.27631e-11
4.25438e-12
-8.50876e-12
4.25438e-12
0
-4.25438e-12
-8.50876e-12
1.27631e-11
4.25438e-12
-4.25438e-12
-4.25438e-12
-8.50876e-12
0
1.27631e-11
1.27631e-11
-1.27631e-11
0
1.27631e-11
-8.50876e-12
-8.50876e-12
-8.50876e-12
0
8.50876e-12
0
-8.50876e-12
1.27631e-11
1.27631e-11
-1.27631e-11
-1.27631e-11
1.27631e-11
0
0
0
-4.25438e-12
4.25438e-12
-4.25438e-12
-8.50876e-12
1.27631e-11
0
0
0
-4.25438e-12
0
0
5.53069e-11
-4.25438e-12
-5.95613e-11
8.50876e-12
0
0
8.50876e-12
0
-4.25438e-12
0
4.25438e-12
-4.25438e-12
-4.25438e-12
8.50876e-12
0
-4.25438e-12
0
0
-4.31499e-12
0
4.31499e-12
0
-4.31499e-12
0
4.31499e-12
-4.31499e-12
0
4.31499e-12
0
-4.31499e-12
4.31499e-12
0
0
0
0
-1.2945e-11
-4.31499e-12
1.2945e-11
4.31499e-12
-4.31499e-12
0
-8.62998e-12
1.2945e-11
4.31499e-12
-8.62998e-12
-8.62998e-12
8.62998e-12
4.31499e-12
0
1.2945e-11
-8.62998e-12
-1.726e-11
8.62998e-12
0
0
4.31499e-12
2.15749e-11
-4.31499e-12
-2.15749e-11
2.58899e-11
0
-2.15749e-11
0
0
2.15749e-11
0
-2.58899e-11
-8.62998e-12
8.62998e-12
0
0
4.31499e-12
-4.31499e-12
0
4.31499e-12
4.31499e-12
-8.62998e-12
-8.62998e-12
8.62998e-12
4.31499e-12
-4.31499e-12
-8.62998e-12
8.62998e-12
8.62998e-12
-4.31499e-12
-4.31499e-12
4.31499e-12
0
0
0
4.31499e-12
-4.31499e-12
0
-4.31499e-12
8.62998e-12
7.33548e-11
7.76698e-11
-6.90398e-11
-7.33548e-11
0
-1.2945e-11
0
0
0
4.31499e-12
8.62998e-12
-1.2945e-11
0
4.31499e-12
0
-8.62998e-12
0
4.31499e-12
0
0
0
0
-1.75058e-11
-1.75058e-11
4.37646e-12
1.31294e-11
1.75058e-11
-1.31294e-11
-2.18823e-11
6.12705e-11
3.93881e-11
-5.6894e-11
-2.18823e-11
1.31294e-11
-1.31294e-11
0
0
-1.31294e-11
0
1.31294e-11
5.25175e-11
0
-5.25175e-11
4.37646e-11
0
2.62588e-11
5.6894e-11
0
4.37646e-12
-6.12705e-11
-7.00234e-11
0
0
0
-1.31294e-11
-4.37646e-12
-4.37646e-12
7.87763e-11
7.00234e-11
0
-7.00234e-11
0
4.37646e-12
-4.37646e-12
4.37646e-12
0
-4.37646e-12
-7.00234e-11
1.31294e-11
0
5.6894e-11
0
1.31294e-11
4.37646e-11
-4.37646e-12
0
-7.00234e-11
-5.25175e-11
1.31294e-11
0
0
0
0
0
0
0
0
0
0
5.6894e-11
7.00234e-11
8.75292e-12
-8.75292e-12
-1.31294e-11
1.31294e-11
8.75292e-12
0
0
0
0
-7.87763e-11
-7.87763e-11
4.37646e-12
7.00234e-11
7.43998e-11
-5.6894e-11
-2.62588e-11
5.6894e-11
2.62588e-11
-5.6894e-11
-2.62588e-11
6.56469e-11
1.75058e-11
-5.6894e-11
-7.43998e-11
6.56469e-11
7.43998e-11
-8.75292e-12
-1.31294e-11
1.31294e-11
1.31294e-11
0
-4.43881e-12
-8.87762e-12
4.43881e-12
1.77552e-11
1.77552e-11
-8.87762e-12
-1.77552e-11
8.87762e-12
0
0
0
-8.87762e-12
1.77552e-11
0
-1.77552e-11
-4.43881e-12
0
2.2194e-11
0
0
1.77552e-11
-8.87762e-12
-8.87762e-12
0
0
8.87762e-12
-1.33164e-11
1.33164e-11
0
0
8.87762e-12
-1.77552e-11
-1.77552e-11
-4.43881e-12
0
1.33164e-11
0
0
0
8.87762e-12
1.77552e-11
0
-1.77552e-11
-8.87762e-12
0
0
0
0
1.77552e-11
8.87762e-12
-1.77552e-11
0
0
0
-4.43881e-12
0
4.43881e-12
-1.77552e-11
0
1.77552e-11
1.77552e-11
0
0
0
0
-1.77552e-11
-1.77552e-11
0
2.66329e-11
0
-2.66329e-11
1.77552e-11
2.2194e-11
0
-4.43881e-12
0
0
-1.77552e-11
-1.77552e-11
-4.43881e-12
-4.43881e-12
8.87762e-12
8.87762e-12
1.77552e-11
1.33164e-11
-4.43881e-12
0
-1.77552e-11
0
0
-1.77552e-11
0
1.77552e-11
2.2194e-11
8.87762e-12
-2.2194e-11
5.32657e-11
2.66329e-11
-7.1021e-11
9.00409e-12
-9.00409e-12
2.25102e-11
9.00409e-12
0
-9.00409e-12
-9.00409e-12
0
1.80082e-11
3.15143e-11
0
0
-4.50205e-11
-3.15143e-11
4.50205e-12
0
0
0
0
4.50205e-12
0
-4.50205e-12
-4.50205e-12
4.50205e-12
0
3.15143e-11
1.35061e-11
2.25102e-11
-4.50205e-12
-5.40246e-11
-4.50205e-12
-4.50205e-12
0
0
2.25102e-11
4.50205e-12
-1.80082e-11
-4.50205e-12
-4.50205e-12
1.80082e-11
0
9.00409e-12
-4.50205e-12
-2.25102e-11
4.05184e-11
1.80082e-11
-4.05184e-11
-1.80082e-11
4.50205e-12
4.50205e-12
-4.50205e-12
0
1.80082e-11
0
-1.35061e-11
-4.50205e-12
0
4.50205e-12
-4.50205e-12
0
-4.50205e-12
4.50205e-12
-4.50205e-12
0
0
0
4.50205e-12
-4.50205e-12
-4.50205e-12
4.50205e-12
0
4.50205e-12
0
-2.25102e-11
0
2.25102e-11
1.35061e-11
-9.00409e-12
-9.00409e-12
0
0
0
-1.80082e-11
4.50205e-12
2.25102e-11
0
-4.50205e-12
-9.00409e-12
2.25102e-11
0
-1.80082e-11
0
4.50205e-12
0
-2.25102e-11
0
4.05184e-11
0
-2.25102e-11
0
0
-5.93604e-11
-9.13237e-12
5.47942e-11
9.13237e-12
-5.93604e-11
-6.39266e-11
2.28309e-11
9.13237e-12
-3.65295e-11
4.10957e-11
6.84928e-11
-4.10957e-11
-2.28309e-11
0
1.36986e-11
4.56618e-12
0
5.47942e-11
-5.47942e-11
-6.39266e-11
4.56618e-12
6.39266e-11
0
-9.13237e-12
5.93604e-11
9.13237e-12
-4.10957e-11
4.56618e-12
3.65295e-11
0
-9.13237e-12
-9.13237e-12
-1.36986e-11
9.13237e-12
0
-6.84928e-11
0
6.84928e-11
0
-9.13237e-12
1.82647e-11
0
-4.56618e-12
4.56618e-12
-2.73971e-11
-4.56618e-12
3.19633e-11
0
-4.56618e-12
0
1.82647e-11
0
-1.82647e-11
-4.56618e-11
9.13237e-12
5.93604e-11
-1.36986e-11
-4.56618e-12
-1.82647e-11
9.13237e-12
9.13237e-12
0
-4.56618e-11
-4.56618e-12
0
0
-1.82647e-11
0
6.84928e-11
1.82647e-11
0
-1.82647e-11
-5.0228e-11
0
5.47942e-11
-4.56618e-12
0
1.36986e-11
-5.47942e-11
-4.56618e-12
4.56618e-11
-4.56618e-12
9.13237e-12
-4.56618e-11
-1.36986e-11
5.0228e-11
4.56618e-12
4.56618e-12
0
-5.0228e-11
-4.56618e-12
-1.82647e-11
0
6.39266e-11
-4.56618e-11
-4.56618e-12
4.56618e-11
1.36986e-11
1.36986e-11
0
0
-4.63124e-12
-9.26247e-12
-5.09436e-11
-9.26247e-12
5.55748e-11
1.38937e-11
0
-9.26247e-12
1.38937e-11
0
-3.24187e-11
-9.26247e-12
1.85249e-11
-3.24187e-11
9.26247e-12
1.85249e-11
-3.70499e-11
1.85249e-11
1.38937e-11
4.63124e-12
9.26247e-12
-1.38937e-11
4.63124e-12
9.26247e-12
0
4.63124e-12
0
0
0
9.26247e-12
0
-2.31562e-11
0
1.38937e-11
0
0
0
-9.26247e-12
4.63124e-12
1.85249e-11
-4.63124e-12
-9.26247e-12
0
0
-4.63124e-12
4.63124e-12
0
9.26247e-12
-9.26247e-12
9.26247e-12
0
0
4.63124e-12
-1.85249e-11
0
1.85249e-11
0
0
-4.63124e-12
0
4.63124e-12
-4.63124e-12
-9.26247e-12
0
9.26247e-12
-1.38937e-11
-5.55748e-11
9.26247e-12
6.48373e-11
4.63124e-12
-6.02061e-11
0
6.02061e-11
0
-9.26247e-12
0
4.63124e-12
0
-1.85249e-11
0
2.31562e-11
-9.26247e-12
0
4.63124e-12
-2.31562e-11
-4.63124e-12
2.31562e-11
4.63124e-12
0
0
0
0
0
4.63124e-12
0
-4.63124e-12
-4.63124e-12
4.63124e-12
4.69721e-12
9.39443e-12
0
0
0
0
0
-1.87889e-11
0
9.39443e-12
0
0
-9.39443e-12
4.69721e-12
0
-9.39443e-12
9.39443e-12
0
-1.40916e-11
9.39443e-12
0
-1.87889e-11
1.87889e-11
4.69721e-12
0
1.40916e-11
0
0
-1.87889e-11
-4.69721e-12
1.40916e-11
9.39443e-12
-9.39443e-12
0
-4.69721e-12
4.69721e-12
-9.39443e-12
0
9.39443e-12
0
9.39443e-12
-1.40916e-11
0
4.69721e-12
-4.69721e-12
1.40916e-11
-1.40916e-11
0
-4.69721e-12
-9.39443e-12
9.39443e-12
1.87889e-11
-9.39443e-12
-1.40916e-11
4.69721e-12
9.39443e-12
0
9.39443e-12
-1.87889e-11
0
1.87889e-11
0
0
0
0
0
0
-1.87889e-11
0
1.87889e-11
0
0
-1.87889e-11
4.69721e-12
1.87889e-11
0
0
-4.69721e-12
0
0
-9.39443e-12
0
9.39443e-12
0
0
0
0
0
0
-9.39443e-12
-4.69721e-12
4.69721e-12
-4.69721e-12
0
4.69721e-12
-1.40916e-11
0
9.39443e-12
4.69721e-12
9.39443e-12
0
4.76413e-12
0
-2.38207e-11
-4.76413e-12
9.52827e-12
0
0
2.38207e-11
-9.52827e-12
-2.38207e-11
9.52827e-12
0
5.71696e-11
2.38207e-11
-6.66979e-11
-2.38207e-11
0
0
6.66979e-11
0
-6.66979e-11
0
2.38207e-11
0
-2.38207e-11
0
-4.76413e-12
0
4.76413e-12
0
-4.76413e-12
-9.52827e-12
9.52827e-12
0
-9.52827e-12
1.42924e-11
3.33489e-11
-9.52827e-12
-2.38207e-11
2.38207e-11
4.76413e-12
-2.85848e-11
5.71696e-11
2.38207e-11
-7.1462e-11
4.76413e-12
9.52827e-12
-2.85848e-11
0
4.76413e-12
6.19337e-11
4.76413e-12
-6.66979e-11
-1.42924e-11
2.38207e-11
7.1462e-11
-1.90565e-11
-6.19337e-11
0
5.71696e-11
9.52827e-12
0
-4.76413e-12
-6.19337e-11
6.19337e-11
0
-6.66979e-11
0
4.76413e-12
0
9.52827e-12
5.71696e-11
0
-5.24055e-11
-9.52827e-12
-4.76413e-12
0
9.52827e-12
5.71696e-11
1.42924e-11
-5.71696e-11
-2.38207e-11
-4.76413e-12
4.76413e-12
0
0
0
-4.76413e-12
0
6.66979e-11
6.66979e-11
9.52827e-12
-5.24055e-11
-7.62261e-11
-1.42924e-11
9.52827e-12
6.19337e-11
-4.76413e-12
-6.19337e-11
6.28161e-11
-9.66401e-12
-7.24801e-11
4.832e-12
0
-4.832e-12
-9.66401e-12
9.66401e-12
-9.66401e-12
9.66401e-12
0
0
7.24801e-11
4.832e-12
-7.24801e-11
9.66401e-12
0
-1.4496e-11
7.24801e-11
6.76481e-11
-7.24801e-11
-6.76481e-11
4.832e-12
-4.832e-12
1.4496e-11
1.9328e-11
-1.9328e-11
-1.4496e-11
0
0
0
1.4496e-11
0
6.28161e-11
4.832e-12
-8.21441e-11
1.4496e-11
0
-9.66401e-12
7.24801e-11
-9.66401e-12
-6.76481e-11
0
0
1.4496e-11
4.832e-12
-1.4496e-11
-4.832e-12
1.4496e-11
0
-1.4496e-11
0
0
0
0
1.9328e-11
4.832e-12
5.31521e-11
0
-7.24801e-11
0
0
0
0
0
0
0
-4.832e-12
1.4496e-11
7.24801e-11
5.79841e-11
-6.76481e-11
-7.73121e-11
4.832e-12
7.73121e-11
-9.66401e-12
-7.24801e-11
5.79841e-11
1.9328e-11
-6.28161e-11
-2.416e-11
0
8.21441e-11
4.832e-12
-6.76481e-11
-4.832e-12
1.4496e-11
0
-1.9328e-11
1.9328e-11
0
-1.9328e-11
0
0
0
1.4496e-11
0
-1.4496e-11
9.66401e-12
9.66401e-12
-4.90084e-12
-9.80169e-12
-4.90084e-12
0
0
0
0
0
-9.80169e-12
9.80169e-12
0
0
0
0
0
4.90084e-12
0
0
0
-4.90084e-12
4.90084e-12
0
-4.90084e-12
0
4.90084e-12
4.90084e-12
-4.90084e-12
4.90084e-12
0
-4.90084e-12
0
0
4.90084e-12
-4.90084e-12
-4.90084e-12
4.90084e-12
4.90084e-12
-4.90084e-12
-4.90084e-12
0
4.90084e-12
0
-4.90084e-12
4.90084e-12
0
-4.90084e-12
4.90084e-12
0
0
4.90084e-12
0
0
0
-4.90084e-12
0
4.90084e-12
-4.90084e-12
-4.90084e-12
9.80169e-12
0
-9.80169e-12
4.90084e-12
5.39093e-11
0
-5.39093e-11
-4.90084e-12
0
4.90084e-12
0
-4.90084e-12
8.33143e-11
0
-7.35126e-11
0
-4.90084e-12
0
0
0
0
-4.90084e-12
4.90084e-12
0
-4.90084e-12
9.80169e-12
0
-9.80169e-12
8.82152e-11
0
-8.82152e-11
5.88101e-11
0
-5.88101e-11
9.80169e-12
4.90084e-12
-4.90084e-12
-4.90084e-12
-4.90084e-12
9.80169e-12
4.90084e-12
4.90084e-12
4.97066e-12
-4.97066e-12
0
0
-4.97066e-12
4.97066e-12
0
0
0
0
0
4.97066e-12
4.97066e-12
-9.94133e-12
4.97066e-12
4.97066e-12
0
0
-4.97066e-12
-4.97066e-12
-1.98827e-11
-4.97066e-12
2.48533e-11
4.97066e-12
0
-4.97066e-12
-2.48533e-11
0
2.48533e-11
4.97066e-12
0
0
9.94133e-12
-9.94133e-12
0
4.97066e-12
-4.97066e-12
4.97066e-12
4.97066e-12
-9.94133e-12
0
0
4.97066e-12
4.97066e-12
-4.97066e-12
-6.46186e-11
-9.94133e-12
6.95893e-11
4.97066e-12
-4.97066e-12
-4.97066e-12
0
9.94133e-12
0
-4.97066e-12
-4.97066e-12
0
4.97066e-12
-9.94133e-12
9.94133e-12
4.97066e-12
-4.97066e-12
0
-2.9824e-11
-9.94133e-12
2.9824e-11
4.97066e-12
4.97066e-12
0
-9.94133e-12
0
9.94133e-12
-4.97066e-12
4.97066e-12
0
-9.94133e-12
-2.48533e-11
9.94133e-12
2.9824e-11
-3.97653e-11
4.97066e-12
2.48533e-11
9.94133e-12
0
-4.97066e-12
-2.9824e-11
0
2.9824e-11
-2.9824e-11
-4.97066e-12
2.48533e-11
4.97066e-12
0
0
0
-1.98827e-11
0
1.98827e-11
4.97066e-12
-4.97066e-12
7.56221e-11
7.56221e-11
-8.06636e-11
-8.57051e-11
-1.0083e-11
4.03318e-11
9.07466e-11
-1.51244e-11
-6.55392e-11
8.06636e-11
2.01659e-11
-8.06636e-11
1.0083e-11
-1.0083e-11
0
1.0083e-11
-6.55392e-11
1.0083e-11
0
0
0
6.04977e-11
5.04148e-12
-1.0083e-11
-2.52074e-11
-5.54562e-11
1.51244e-11
1.51244e-11
0
-5.04148e-12
6.04977e-11
0
-1.0083e-11
-1.51244e-11
0
1.51244e-11
-5.04148e-11
6.04977e-11
5.04148e-11
-5.04148e-12
0
-5.54562e-11
-7.05807e-11
-5.04148e-12
0
-1.0083e-11
8.06636e-11
6.55392e-11
-1.0083e-11
-5.04148e-11
-5.04148e-11
0
5.54562e-11
0
-7.56221e-11
-5.04148e-12
1.51244e-11
1.0083e-11
0
0
-2.01659e-11
-1.51244e-11
2.01659e-11
4.03318e-11
0
4.03318e-11
0
-9.07466e-11
-1.51244e-11
9.07466e-11
0
-8.57051e-11
0
2.01659e-11
1.51244e-11
-2.01659e-11
4.03318e-11
8.57051e-11
-4.03318e-11
-6.55392e-11
-2.01659e-11
-5.04148e-12
-5.04148e-12
-1.0083e-11
2.01659e-11
2.01659e-11
0
5.04148e-12
0
5.04148e-11
0
-5.54562e-11
0
3.52903e-11
-1.51244e-11
2.52074e-11
7.05807e-11
-8.06636e-11
-6.55392e-11
5.04148e-12
3.06798e-11
9.71527e-11
5.1133e-12
-2.04532e-11
-3.57931e-11
-1.53399e-11
5.1133e-12
-6.64729e-11
1.02266e-11
7.66995e-11
5.1133e-12
-7.66995e-11
-1.02266e-11
-5.1133e-12
5.1133e-12
5.1133e-12
-5.1133e-12
-5.1133e-12
0
0
0
5.1133e-12
0
5.1133e-12
-5.1133e-12
-7.66995e-11
0
7.15862e-11
5.1133e-12
-2.04532e-11
-5.1133e-12
1.02266e-10
1.02266e-11
-1.07379e-10
-5.1133e-12
2.04532e-11
0
-2.04532e-11
0
2.04532e-11
-2.04532e-11
0
2.04532e-11
0
0
0
0
0
0
0
0
0
0
0
5.1133e-12
-1.53399e-11
-5.1133e-12
1.53399e-11
0
-1.02266e-11
0
1.02266e-11
0
0
0
0
-2.55665e-11
-5.1133e-12
1.02266e-11
2.04532e-11
0
-2.04532e-11
-5.62463e-11
1.02266e-11
6.64729e-11
-2.04532e-11
0
2.04532e-11
0
-2.04532e-11
-1.02266e-10
1.53399e-11
1.07379e-10
0
0
5.1133e-12
0
-2.55665e-11
0
2.04532e-11
0
0
-3.06798e-11
-5.1133e-12
3.57931e-11
-1.02266e-11
-5.1133e-12
0
5.1133e-12
1.02266e-11
0
2.59307e-11
0
-2.59307e-11
5.18615e-12
0
0
5.18615e-12
-5.18615e-12
5.18615e-12
1.55584e-11
0
1.03723e-11
-5.18615e-12
0
5.18615e-12
-2.59307e-11
0
0
-5.18615e-12
0
5.18615e-12
2.07446e-11
0
-5.18615e-12
0
-1.55584e-11
0
1.03723e-11
-1.03723e-11
0
0
1.55584e-11
-1.55584e-11
-1.03723e-11
0
5.18615e-12
0
-5.18615e-12
1.03723e-11
-1.03723e-11
-1.03723e-11
2.07446e-11
1.55584e-11
0
-1.55584e-11
-5.18615e-12
-5.18615e-12
0
0
1.03723e-11
1.55584e-11
0
-1.55584e-11
0
0
-1.03723e-11
0
0
1.03723e-11
1.55584e-11
0
-1.55584e-11
-1.03723e-11
-1.55584e-11
0
0
0
2.59307e-11
1.55584e-11
-5.18615e-12
-1.55584e-11
5.18615e-12
1.03723e-11
-1.55584e-11
-2.07446e-11
0
2.07446e-11
1.55584e-11
-1.03723e-11
-1.03723e-11
0
0
2.59307e-11
5.18615e-12
-1.03723e-11
5.18615e-12
-3.11169e-11
-1.03723e-11
1.55584e-11
5.18615e-12
0
-5.18615e-12
5.18615e-12
0
-5.18615e-12
-5.18615e-12
0
5.18615e-12
0
-3.15602e-11
-5.26003e-12
3.68202e-11
-2.10401e-11
-2.63001e-11
1.05201e-11
3.15602e-11
5.26003e-12
-5.26003e-12
-3.15602e-11
-1.57801e-11
1.57801e-11
3.15602e-11
1.05201e-11
-5.26003e-12
-1.05201e-11
-1.05201e-11
-1.05201e-11
2.63001e-11
5.26003e-12
-5.26003e-12
-5.26003e-12
5.26003e-12
5.26003e-12
0
0
0
1.05201e-11
-5.26003e-12
-1.05201e-11
5.26003e-12
0
7.36404e-11
0
-7.36404e-11
-2.10401e-11
1.05201e-11
3.68202e-11
-1.05201e-11
-1.57801e-11
0
0
7.89004e-11
1.05201e-11
-7.36404e-11
-1.57801e-11
0
0
0
0
0
-5.26003e-12
0
5.26003e-12
-5.26003e-12
0
7.89004e-11
5.26003e-12
-7.89004e-11
0
0
5.26003e-12
-5.26003e-12
5.26003e-12
-5.26003e-12
5.26003e-12
6.83804e-11
8.41605e-11
-7.36404e-11
-9.46805e-11
-5.26003e-12
1.05201e-11
8.41605e-11
-5.26003e-12
-7.89004e-11
-5.26003e-12
1.05201e-11
5.26003e-12
-1.05201e-11
-5.26003e-12
5.26003e-12
5.26003e-12
-5.26003e-12
-1.05201e-11
1.05201e-11
1.05201e-11
0
0
-1.05201e-11
-5.26003e-12
5.26003e-12
5.26003e-12
0
1.05201e-11
-1.57801e-11
-1.57801e-11
1.57801e-11
1.57801e-11
0
-1.57801e-11
0
-1.60049e-11
0
1.60049e-11
0
0
-5.33497e-12
-1.60049e-11
0
5.33497e-12
1.06699e-11
5.33497e-12
0
0
0
0
0
2.13399e-11
-5.33497e-12
-2.13399e-11
5.33497e-12
0
0
0
5.33497e-12
-5.33497e-12
-2.66748e-11
0
2.66748e-11
0
-2.13399e-11
-5.33497e-12
2.66748e-11
0
-2.13399e-11
-5.33497e-12
2.66748e-11
-2.66748e-11
5.33497e-12
2.13399e-11
0
-2.66748e-11
5.33497e-12
2.13399e-11
0
0
0
0
0
0
1.06699e-11
0
-1.06699e-11
0
0
0
-3.73448e-11
-5.33497e-12
4.26797e-11
0
0
0
0
0
0
3.20098e-11
3.73448e-11
-3.73448e-11
-3.20098e-11
0
-4.26797e-11
5.33497e-12
3.73448e-11
0
0
-5.33497e-12
0
5.33497e-12
0
0
0
0
3.73448e-11
6.93546e-11
-3.73448e-11
-6.93546e-11
0
0
0
1.06699e-11
3.73448e-11
2.13399e-11
-3.73448e-11
-4.80147e-11
-9.06944e-11
1.60049e-11
9.06944e-11
0
5.33497e-12
0
-5.41097e-12
-2.16439e-11
-2.70548e-11
-1.08219e-11
-2.70548e-11
5.41097e-12
4.86987e-11
1.62329e-11
1.08219e-11
-5.95207e-11
-5.41097e-12
0
0
5.95207e-11
1.62329e-11
0
-3.78768e-11
0
1.62329e-11
5.41097e-12
0
-4.86987e-11
-5.41097e-11
5.41097e-11
4.86987e-11
-4.32878e-11
-3.24658e-11
4.32878e-11
3.24658e-11
-4.86987e-11
1.62329e-11
3.24658e-11
-3.78768e-11
-5.41097e-12
4.32878e-11
1.08219e-11
-4.86987e-11
-1.08219e-11
4.86987e-11
1.62329e-11
-5.41097e-12
-4.86987e-11
5.41097e-12
0
-5.41097e-11
4.86987e-11
3.24658e-11
-3.24658e-11
1.08219e-11
2.70548e-11
0
0
-1.62329e-11
4.32878e-11
0
-4.86987e-11
1.08219e-11
2.16439e-11
0
0
-1.08219e-11
-1.62329e-11
4.32878e-11
2.70548e-11
-5.41097e-11
0
1.08219e-11
-1.62329e-11
-1.08219e-11
-5.41097e-12
1.62329e-11
1.62329e-11
-1.62329e-11
3.24658e-11
5.41097e-12
-4.86987e-11
1.08219e-11
3.78768e-11
-1.08219e-11
-2.16439e-11
0
0
-5.41097e-12
-5.41097e-12
4.86987e-11
-1.08219e-11
-4.32878e-11
1.62329e-11
0
-2.16439e-11
2.16439e-11
1.08219e-11
-1.62329e-11
-1.08219e-11
-5.41097e-12
1.62329e-11
1.62329e-11
2.70548e-11
1.62329e-11
-3.78768e-11
0
-1.09761e-11
-5.48806e-12
1.64642e-11
-7.13447e-11
-5.48806e-12
7.13447e-11
-5.48806e-12
-1.64642e-11
0
1.64642e-11
5.48806e-12
5.48806e-12
0
-1.64642e-11
-2.19522e-11
1.09761e-11
-6.58567e-11
1.09761e-11
8.23208e-11
0
0
0
-1.64642e-11
0
1.64642e-11
-1.64642e-11
-7.68328e-11
1.09761e-11
8.23208e-11
0
-1.64642e-11
-2.19522e-11
2.19522e-11
1.64642e-11
-7.13447e-11
-5.48806e-12
7.68328e-11
-1.64642e-11
0
1.64642e-11
0
0
0
-8.23208e-11
0
8.23208e-11
0
-1.64642e-11
0
1.64642e-11
-1.64642e-11
0
1.64642e-11
-1.64642e-11
-9.3297e-11
1.64642e-11
8.78089e-11
5.48806e-12
0
-5.48806e-12
-2.74403e-11
5.48806e-12
2.74403e-11
-1.64642e-11
0
-6.03686e-11
-8.23208e-11
6.58567e-11
9.3297e-11
0
0
-7.68328e-11
-5.48806e-12
8.23208e-11
-5.48806e-12
-2.19522e-11
-1.09761e-11
2.19522e-11
1.64642e-11
-1.09761e-11
0
-2.74403e-11
0
3.84164e-11
0
0
-1.64642e-11
-2.19522e-11
2.19522e-11
1.64642e-11
-7.68328e-11
-8.23208e-11
6.58567e-11
7.68328e-11
0
1.64642e-11
-7.68328e-11
-5.48806e-12
8.23208e-11
0
2.78312e-11
0
-3.89637e-11
0
1.11325e-11
0
0
0
1.11325e-11
0
-1.11325e-11
0
0
0
0
5.00962e-11
0
-5.00962e-11
0
0
0
0
0
0
0
0
1.11325e-11
0
-1.11325e-11
0
0
0
0
0
0
0
1.11325e-11
0
0
0
-1.11325e-11
0
0
0
0
0
0
0
0
0
0
0
0
0
0
0
0
-1.11325e-11
0
0
0
1.11325e-11
0
0
0
0
0
0
-5.56624e-12
0
5.56624e-12
0
-5.56624e-12
0
-5.56624e-12
0
1.11325e-11
0
-1.11325e-11
0
1.11325e-11
-5.56624e-12
0
5.56624e-12
0
0
0
0
0
0
0
0
0
-5.56624e-12
0
5.56624e-12
0
-5.56624e-12
-5.56624e-12
-5.64554e-11
-1.12911e-11
4.51643e-11
-1.69366e-11
-9.03286e-11
-5.64554e-11
0
2.82277e-11
4.51643e-11
-4.51643e-11
-4.51643e-11
4.51643e-11
4.51643e-11
0
0
0
0
-2.25822e-11
0
5.08099e-11
0
-2.82277e-11
2.82277e-11
0
-2.82277e-11
-4.51643e-11
0
4.51643e-11
-4.51643e-11
0
4.51643e-11
-4.51643e-11
0
4.51643e-11
-4.51643e-11
0
9.03286e-11
-5.64554e-12
-8.46831e-11
-2.25822e-11
4.51643e-11
2.25822e-11
0
0
-4.51643e-11
-2.25822e-11
4.51643e-11
2.25822e-11
0
0
0
3.95188e-11
5.64554e-12
-4.51643e-11
0
5.08099e-11
6.21009e-11
-1.12911e-11
-5.64554e-11
-4.51643e-11
0
0
0
-5.64554e-12
5.08099e-11
0
-4.51643e-11
-4.51643e-11
4.51643e-11
7.3392e-11
-5.08099e-11
-2.25822e-11
5.64554e-11
5.64554e-11
-1.12911e-11
-1.12911e-11
-4.51643e-11
-4.51643e-11
4.51643e-11
5.64554e-11
1.12911e-11
-1.0162e-10
-1.12911e-11
4.51643e-11
-4.51643e-11
0
0
0
-5.64554e-12
5.64554e-12
4.51643e-11
-5.64554e-12
-9.03286e-11
-3.95188e-11
6.77465e-11
4.51643e-11
3.38732e-11
5.64554e-11
5.64554e-12
5.64554e-12
0
0
-2.29039e-11
0
1.71779e-11
-5.72597e-12
5.72597e-12
5.72597e-12
0
-5.72597e-11
-5.72597e-12
4.00818e-11
0
1.14519e-11
0
0
5.72597e-12
0
-1.71779e-11
0
1.14519e-11
0
5.72597e-12
0
-2.29039e-11
0
-4.58077e-11
-1.71779e-11
6.29857e-11
1.71779e-11
0
-6.29857e-11
-1.71779e-11
1.14519e-11
-3.43558e-11
5.72597e-11
3.43558e-11
-5.72597e-11
-4.58077e-11
0
4.58077e-11
5.15337e-11
-4.58077e-11
-1.71779e-11
0
0
0
-4.58077e-11
4.58077e-11
6.87116e-11
2.29039e-11
-5.72597e-11
-5.72597e-11
0
5.15337e-11
5.72597e-11
-5.15337e-11
-5.72597e-12
5.15337e-11
-5.15337e-11
-5.15337e-11
0
0
0
5.15337e-11
5.15337e-11
5.72597e-12
2.86298e-11
-5.72597e-12
-8.01636e-11
-5.15337e-11
5.72597e-11
5.72597e-11
-1.71779e-11
-5.72597e-11
1.14519e-11
5.72597e-11
5.72597e-12
-5.72597e-11
0
5.72597e-11
0
-5.72597e-12
-5.72597e-12
0
-5.15337e-11
0
5.72597e-11
2.86298e-11
-5.72597e-11
-2.86298e-11
0
5.72597e-12
5.72597e-11
0
-5.72597e-11
-1.71779e-11
5.72597e-11
0
-1.71779e-11
5.80754e-12
1.16151e-11
5.80754e-12
0
4.06528e-11
-5.80754e-12
-5.22679e-11
4.06528e-11
1.74226e-11
0
-2.32302e-11
-4.06528e-11
1.16151e-11
1.16151e-11
2.90377e-11
0
-2.90377e-11
5.80754e-12
5.80754e-12
-5.80754e-12
-5.80754e-12
3.48453e-11
-1.74226e-11
0
0
-4.06528e-11
1.16151e-11
1.74226e-11
0
-1.74226e-11
5.80754e-12
1.16151e-11
-1.74226e-11
3.48453e-11
0
-2.90377e-11
1.74226e-11
-5.80754e-12
-1.74226e-11
3.48453e-11
0
-3.48453e-11
0
-1.16151e-11
0
0
1.16151e-11
0
-1.16151e-11
0
0
0
0
1.74226e-11
0
2.90377e-11
1.16151e-11
-3.48453e-11
0
-5.80754e-12
-1.16151e-11
1.74226e-11
-5.80754e-12
0
0
-1.74226e-11
0
1.74226e-11
0
-1.74226e-11
5.80754e-12
0
1.16151e-11
0
-1.74226e-11
0
1.74226e-11
0
-4.06528e-11
0
6.96905e-11
-5.80754e-12
-4.06528e-11
0
1.74226e-11
1.74226e-11
-2.90377e-11
-1.74226e-11
1.16151e-11
0
5.80754e-12
0
-1.74226e-11
0
1.16151e-11
0
0
1.74226e-11
0
-1.74226e-11
0
0
-5.89028e-12
0
5.89028e-12
0
0
0
0
0
0
0
5.89028e-12
-5.89028e-12
-5.89028e-12
5.89028e-12
0
0
1.17806e-11
0
-1.17806e-11
5.89028e-12
-5.89028e-12
0
5.89028e-12
-5.89028e-12
0
0
0
0
0
0
0
0
0
0
0
-1.17806e-11
0
1.17806e-11
0
0
0
0
0
-5.89028e-12
-1.17806e-11
0
1.17806e-11
5.89028e-12
0
0
-1.17806e-11
0
1.17806e-11
0
0
0
-1.17806e-11
0
0
0
0
0
1.17806e-11
0
-1.17806e-11
-1.17806e-11
0
1.17806e-11
1.17806e-11
0
0
-5.89028e-12
0
5.89028e-12
0
0
0
0
0
0
0
0
0
0
5.89028e-12
0
-1.17806e-11
0
5.89028e-12
-1.17806e-11
0
1.17806e-11
0
0
0
0
0
0
0
0
0
-1.79226e-11
0
1.79226e-11
0
2.38968e-11
5.97419e-12
-2.38968e-11
-5.97419e-12
0
0
0
0
0
-7.16903e-11
5.97419e-12
7.16903e-11
0
-4.77936e-11
-4.18194e-11
4.18194e-11
4.18194e-11
-4.18194e-11
-4.18194e-11
4.18194e-11
5.37678e-11
0
-1.19484e-11
0
0
0
-7.76645e-11
0
7.76645e-11
0
0
-7.16903e-11
0
7.16903e-11
0
0
-4.18194e-11
0
6.57161e-11
0
-2.38968e-11
5.97419e-12
0
-4.77936e-11
0
4.18194e-11
-4.18194e-11
5.97419e-12
7.76645e-11
-5.97419e-12
-4.77936e-11
-6.57161e-11
-5.97419e-12
5.97419e-12
-5.97419e-12
7.16903e-11
1.19484e-11
-7.16903e-11
-1.19484e-11
7.16903e-11
1.19484e-11
-7.16903e-11
-1.19484e-11
2.9871e-11
1.19484e-11
4.18194e-11
-1.19484e-11
-4.18194e-11
-2.9871e-11
-2.9871e-11
4.18194e-11
7.16903e-11
0
0
0
0
0
0
0
0
0
0
0
-1.19484e-11
-6.57161e-11
5.97419e-12
9.55871e-11
0
-6.57161e-11
0
5.97419e-11
0
-1.79226e-11
0
-1.81779e-11
-6.05931e-12
6.05931e-12
6.05931e-12
1.21186e-11
-1.21186e-11
-1.21186e-11
1.21186e-11
1.21186e-11
0
0
0
0
-1.21186e-11
0
1.21186e-11
-1.21186e-11
0
0
-1.21186e-11
1.21186e-11
1.21186e-11
-1.21186e-11
0
1.21186e-11
0
0
0
0
-1.21186e-11
0
0
0
0
-1.21186e-11
1.21186e-11
1.21186e-11
-1.21186e-11
0
3.02965e-11
-1.21186e-11
-1.81779e-11
1.21186e-11
-1.21186e-11
0
1.21186e-11
0
-1.21186e-11
0
0
0
1.21186e-11
-1.21186e-11
0
1.21186e-11
0
-1.21186e-11
0
1.81779e-11
0
-6.05931e-12
0
0
-1.21186e-11
0
1.21186e-11
0
0
0
0
0
0
-1.21186e-11
6.05931e-12
1.21186e-11
-6.05931e-12
0
0
-1.21186e-11
1.21186e-11
3.02965e-11
6.05931e-12
-1.21186e-11
-3.63558e-11
-1.81779e-11
1.81779e-11
0
-1.81779e-11
1.21186e-11
1.81779e-11
0
1.21186e-11
0
-2.42372e-11
0
0
-1.21186e-11
0
0
-6.14563e-12
0
0
-6.14563e-12
0
-3.07281e-12
0
3.07281e-12
-3.07281e-12
0
3.07281e-12
0
-3.07281e-12
0
3.07281e-12
0
6.14563e-12
0
-6.14563e-12
0
0
-3.07281e-12
0
3.07281e-12
-9.21844e-12
0
9.21844e-12
0
0
0
-9.21844e-12
0
0
-6.14563e-12
1.22913e-11
-6.14563e-12
0
9.21844e-12
0
0
0
0
0
0
-3.07281e-12
-6.14563e-12
-6.14563e-12
6.14563e-12
9.21844e-12
0
0
-3.07281e-12
0
3.07281e-12
0
-9.21844e-12
-1.22913e-11
6.14563e-12
-4.60922e-11
-4.9165e-11
5.53107e-11
5.22378e-11
0
3.07281e-12
-9.21844e-12
0
3.3801e-11
0
-2.45825e-11
-5.53107e-11
0
7.98932e-11
0
-2.45825e-11
-3.07281e-12
0
3.07281e-12
0
-3.07281e-12
0
3.07281e-12
0
0
-9.21844e-12
0
9.21844e-12
0
-3.07281e-12
0
3.07281e-12
0
0
0
0
0
0
0
-3.07281e-12
0
3.07281e-12
1.24664e-11
9.34977e-12
6.23318e-12
2.18161e-11
1.24664e-11
-4.05157e-11
-1.5583e-11
3.42825e-11
6.23318e-12
2.18161e-11
-6.23318e-12
-2.18161e-11
4.98655e-11
-2.80493e-11
-3.42825e-11
5.2982e-11
-1.86995e-11
-4.98655e-11
0
0
4.98655e-11
4.98655e-11
-5.60986e-11
-5.60986e-11
5.60986e-11
5.60986e-11
0
-5.60986e-11
0
1.24664e-11
0
4.36323e-11
-6.23318e-11
-6.23318e-11
6.23318e-11
6.23318e-12
0
0
-4.98655e-11
-6.23318e-12
-6.23318e-12
1.24664e-11
9.34977e-12
5.2982e-11
4.36323e-11
-5.60986e-11
-4.36323e-11
9.34977e-12
0
4.67489e-11
4.36323e-11
-4.98655e-11
0
6.23318e-12
-4.67489e-11
-9.34977e-12
0
9.34977e-12
4.67489e-11
0
-5.2982e-11
0
6.23318e-12
0
4.67489e-11
4.36323e-11
-4.36323e-11
-5.60986e-11
-1.86995e-11
1.24664e-11
1.5583e-11
0
-9.34977e-12
0
0
0
-6.23318e-12
-1.24664e-11
6.23318e-12
1.24664e-11
0
4.36323e-11
1.24664e-11
-4.67489e-11
0
-6.23318e-12
0
0
-9.34977e-12
4.98655e-11
5.60986e-11
-4.36323e-11
-6.23318e-11
-1.86995e-11
1.86995e-11
1.5583e-11
4.67489e-11
6.23318e-12
-5.92152e-11
-1.5583e-11
1.2644e-11
3.47709e-11
-1.2644e-11
-4.42539e-11
2.21269e-11
1.5805e-11
0
6.32198e-12
4.74149e-11
-2.84489e-11
-5.68978e-11
1.5805e-11
1.2644e-11
-1.89659e-11
6.32198e-12
1.5805e-11
0
6.32198e-12
-1.5805e-11
0
4.42539e-11
1.2644e-11
-5.05759e-11
-1.89659e-11
1.89659e-11
3.16099e-12
6.32198e-12
-1.5805e-11
-2.21269e-11
9.48297e-12
6.32198e-11
0
0
-1.2644e-11
-3.79319e-11
9.48297e-12
0
-1.5805e-11
-2.21269e-11
0
2.21269e-11
0
0
2.21269e-11
-2.21269e-11
-2.21269e-11
0
0
2.21269e-11
5.68978e-11
5.05759e-11
-6.32198e-11
-4.42539e-11
2.21269e-11
0
-1.5805e-11
-6.32198e-12
1.2644e-11
1.5805e-11
6.32198e-12
-3.47709e-11
-2.21269e-11
4.42539e-11
2.21269e-11
-5.05759e-11
-2.21269e-11
6.32198e-12
2.21269e-11
6.32198e-12
0
-6.32198e-12
0
6.32198e-12
-2.21269e-11
-1.2644e-11
0
6.32198e-12
2.21269e-11
2.21269e-11
-2.21269e-11
-2.21269e-11
3.47709e-11
2.21269e-11
-1.2644e-11
-2.21269e-11
-2.84489e-11
2.21269e-11
5.05759e-11
-2.84489e-11
-4.42539e-11
4.42539e-11
0
-3.79319e-11
0
2.21269e-11
1.5805e-11
-2.21269e-11
-9.48297e-12
3.16099e-12
0
-6.41205e-12
-3.20602e-12
0
3.20602e-12
6.41205e-12
0
0
-6.41205e-12
-3.20602e-12
3.20602e-12
-3.20602e-12
0
9.61807e-12
-6.41205e-12
0
6.41205e-12
0
0
0
-6.41205e-12
-3.20602e-12
0
0
3.20602e-12
6.41205e-12
0
0
-6.41205e-12
0
6.41205e-12
0
0
0
-6.41205e-12
0
6.41205e-12
0
-6.41205e-12
-3.20602e-12
0
3.20602e-12
6.41205e-12
0
0
0
-6.41205e-12
0
6.41205e-12
0
0
0
0
0
-6.41205e-12
0
0
-3.20602e-12
0
0
0
0
3.20602e-12
0
0
0
0
0
-3.20602e-12
3.20602e-12
6.41205e-12
-6.41205e-12
-3.20602e-12
3.20602e-12
6.41205e-12
0
0
-6.41205e-12
0
0
-3.20602e-12
0
0
3.20602e-12
6.41205e-12
0
0
0
0
0
1.28241e-11
-6.41205e-12
-1.60301e-11
0
3.20602e-12
6.41205e-12
1.28241e-11
0
-1.92361e-11
-3.20602e-12
0
)
;

boundaryField
{
    patch1
    {
        type            calculated;
        value           uniform 0;
    }
    patch2
    {
        type            calculated;
        value           uniform 0;
    }
    patch3
    {
        type            calculated;
        value           nonuniform List<scalar> 
100
(
0
0
0
1.60301e-11
5.12964e-11
-2.24422e-11
-3.52663e-11
6.41205e-12
-2.24422e-11
0
6.41205e-12
-6.41205e-12
-6.41205e-12
2.24422e-11
1.92361e-11
-2.24422e-11
-1.92361e-11
0
0
4.48843e-11
0
-2.56482e-11
3.20602e-12
-1.60301e-11
-6.41205e-12
0
0
5.77084e-11
0
-5.77084e-11
1.28241e-11
0
-1.28241e-11
5.77084e-11
1.28241e-11
-3.52663e-11
0
0
0
3.52663e-11
9.61807e-12
-5.77084e-11
-2.88542e-11
0
6.41205e-12
2.24422e-11
0
-2.24422e-11
0
0
0
0
0
0
0
0
2.24422e-11
0
-2.24422e-11
0
0
0
5.77084e-11
0
-5.77084e-11
0
0
5.77084e-11
0
0
5.77084e-11
-3.52663e-11
-3.52663e-11
-1.60301e-11
-1.60301e-11
-6.41205e-12
1.60301e-11
1.28241e-11
3.52663e-11
-1.28241e-11
-5.77084e-11
-6.41205e-12
2.56482e-11
2.56482e-11
-9.61807e-12
0
4.48843e-11
0
-5.77084e-11
-2.24422e-11
0
0
0
2.24422e-11
1.28241e-11
-2.24422e-11
-1.28241e-11
2.24422e-11
2.24422e-11
0
)
;
    }
    patch4
    {
        type            calculated;
        value           nonuniform List<scalar> 
100
(
-6.41205e-12
-3.20602e-12
0
3.20602e-12
6.41205e-12
0
0
-6.41205e-12
-3.20602e-12
3.20602e-12
-3.20602e-12
0
9.61807e-12
-6.41205e-12
0
6.41205e-12
0
0
0
-6.41205e-12
-3.20602e-12
0
0
3.20602e-12
6.41205e-12
0
0
-6.41205e-12
0
6.41205e-12
0
0
0
-6.41205e-12
0
6.41205e-12
0
-6.41205e-12
-3.20602e-12
0
3.20602e-12
6.41205e-12
0
0
0
-6.41205e-12
0
6.41205e-12
0
0
0
0
0
-6.41205e-12
0
0
-3.20602e-12
0
0
0
0
3.20602e-12
0
0
0
0
0
-3.20602e-12
3.20602e-12
6.41205e-12
-6.41205e-12
-3.20602e-12
3.20602e-12
6.41205e-12
0
0
-6.41205e-12
0
0
-3.20602e-12
0
0
3.20602e-12
6.41205e-12
0
0
0
0
0
1.28241e-11
-6.41205e-12
-1.60301e-11
0
3.20602e-12
6.41205e-12
1.28241e-11
0
-1.92361e-11
-3.20602e-12
0
)
;
    }
    defaultFaces
    {
        type            empty;
    }
}


// ************************************************************************* //
