/*--------------------------------*- C++ -*----------------------------------*\
| =========                 |                                                 |
| \\      /  F ield         | OpenFOAM: The Open Source CFD Toolbox           |
|  \\    /   O peration     | Version:  2406                                  |
|   \\  /    A nd           | Website:  www.openfoam.com                      |
|    \\/     M anipulation  |                                                 |
\*---------------------------------------------------------------------------*/
FoamFile
{
    version     2.0;
    format      ascii;
    arch        "LSB;label=32;scalar=64";
    class       volVectorField;
    location    "1.25";
    object      flux;
}
// * * * * * * * * * * * * * * * * * * * * * * * * * * * * * * * * * * * * * //

dimensions      [0 1 -1 1 0 0 0];

internalField   nonuniform List<vector> 
100
(
(-1.66533e-15 -1.94289e-15 0)
(-3.88578e-15 -5.55112e-16 0)
(-5.55112e-16 8.32667e-16 0)
(5.55112e-16 1.38778e-15 0)
(-4.996e-15 2.77556e-16 0)
(-3.33067e-15 0 0)
(2.498e-15 2.77556e-16 0)
(1.94289e-15 0 0)
(2.22045e-15 0 0)
(2.22045e-15 -8.32667e-16 0)
(-2.77556e-16 -4.996e-15 0)
(-1.11022e-15 -2.22045e-15 0)
(1.66533e-15 2.22045e-15 0)
(2.77556e-16 2.77556e-15 0)
(-6.38378e-15 5.55112e-16 0)
(-3.60822e-15 8.32667e-16 0)
(3.05311e-15 1.38778e-15 0)
(1.38778e-15 0 0)
(1.38778e-15 1.66533e-15 0)
(1.66533e-15 -2.77556e-16 0)
(8.32667e-16 -1.11022e-15 0)
(3.05311e-15 2.77556e-16 0)
(4.44089e-15 1.38778e-15 0)
(-1.11022e-15 5.55112e-16 0)
(-6.93889e-15 8.32667e-16 0)
(-2.77556e-15 2.498e-15 0)
(1.66533e-15 1.11022e-15 0)
(2.22045e-15 -5.55112e-16 0)
(1.66533e-15 1.66533e-15 0)
(2.77556e-16 1.66533e-15 0)
(1.11022e-15 1.94289e-15 0)
(1.38778e-15 1.38778e-15 0)
(1.94289e-15 -1.66533e-15 0)
(-2.77556e-16 -1.94289e-15 0)
(-4.44089e-15 -1.38778e-15 0)
(-3.33067e-15 1.11022e-15 0)
(-2.77556e-16 -5.55112e-16 0)
(2.498e-15 -2.77556e-16 0)
(3.33067e-15 5.55112e-16 0)
(1.66533e-15 -8.32667e-16 0)
(2.77556e-16 -1.11022e-15 0)
(-5.55112e-16 -1.66533e-15 0)
(1.11022e-15 -3.05311e-15 0)
(-8.32667e-16 -2.498e-15 0)
(-4.16334e-15 -2.77556e-15 0)
(-1.94289e-15 -8.32667e-16 0)
(5.55112e-16 -1.38778e-15 0)
(3.05311e-15 2.77556e-16 0)
(1.11022e-15 0 0)
(-1.11022e-15 -2.498e-15 0)
(8.32667e-16 -2.77556e-16 0)
(-8.32667e-16 0 0)
(1.11022e-15 -2.77556e-16 0)
(0 -8.32667e-16 0)
(-2.498e-15 1.38778e-15 0)
(-1.94289e-15 1.94289e-15 0)
(5.55112e-16 2.22045e-15 0)
(3.88578e-15 1.11022e-15 0)
(8.32667e-16 -5.55112e-16 0)
(-1.11022e-15 -1.66533e-15 0)
(5.55112e-16 2.22045e-15 0)
(0 2.77556e-15 0)
(2.77556e-16 3.88578e-15 0)
(5.55112e-16 1.38778e-15 0)
(-8.32667e-16 3.05311e-15 0)
(-1.11022e-15 3.33067e-15 0)
(-5.55112e-16 3.60822e-15 0)
(5.55112e-16 2.22045e-15 0)
(-1.66533e-15 5.55112e-16 0)
(-2.22045e-15 -1.94289e-15 0)
(8.32667e-16 2.22045e-15 0)
(8.32667e-16 3.05311e-15 0)
(-5.55112e-16 3.88578e-15 0)
(-8.32667e-16 2.22045e-15 0)
(-5.55112e-16 1.38778e-15 0)
(-1.11022e-15 1.94289e-15 0)
(-5.55112e-16 1.94289e-15 0)
(5.55112e-16 1.11022e-15 0)
(-3.33067e-15 -1.38778e-15 0)
(-3.33067e-15 -2.77556e-15 0)
(1.94289e-15 1.94289e-15 0)
(1.66533e-15 1.66533e-15 0)
(-5.55112e-16 8.32667e-16 0)
(-1.94289e-15 1.38778e-15 0)
(-1.38778e-15 5.55112e-16 0)
(-5.55112e-16 -1.11022e-15 0)
(-1.11022e-15 5.55112e-16 0)
(-2.498e-15 -1.38778e-15 0)
(-5.82867e-15 -4.996e-15 0)
(-3.60822e-15 -2.22045e-15 0)
(5.55112e-16 1.11022e-15 0)
(-2.77556e-16 0 0)
(-8.32667e-16 -8.32667e-16 0)
(-8.32667e-16 -2.77556e-16 0)
(-3.05311e-15 -2.77556e-16 0)
(-8.32667e-16 -1.38778e-15 0)
(-1.11022e-15 -5.55112e-16 0)
(-5.27356e-15 -1.66533e-15 0)
(-4.16334e-15 -2.77556e-15 0)
(-8.32667e-16 -2.77556e-16 0)
)
;

boundaryField
{
    left
    {
        type            calculated;
        value           nonuniform List<vector> 10((0 -1.94289e-15 0) (0 -4.996e-15 0) (0 -1.11022e-15 0) (0 1.94289e-15 0) (0 -1.11022e-15 0) (0 -2.77556e-16 0) (0 2.22045e-15 0) (0 2.22045e-15 0) (0 1.94289e-15 0) (0 1.11022e-15 0));
    }
    right
    {
        type            calculated;
        value           nonuniform List<vector> 10((0 -8.32667e-16 0) (0 -2.77556e-16 0) (0 1.66533e-15 0) (0 -8.32667e-16 0) (0 -2.498e-15 0) (0 -1.66533e-15 0) (0 -1.94289e-15 0) (0 -2.77556e-15 0) (0 -2.22045e-15 0) (0 -2.77556e-16 0));
    }
    top
    {
        type            calculated;
        value           nonuniform List<vector> 10((5.55112e-16 0 0) (-2.77556e-16 0 0) (-8.32667e-16 0 0) (-8.32667e-16 0 0) (-3.05311e-15 0 0) (-8.32667e-16 0 0) (-1.11022e-15 0 0) (-5.27356e-15 0 0) (-4.16334e-15 0 0) (-8.32667e-16 0 0));
    }
    bottom
    {
        type            calculated;
        value           nonuniform List<vector> 10((-1.66533e-15 0 0) (-3.88578e-15 0 0) (-5.55112e-16 0 0) (5.55112e-16 0 0) (-4.996e-15 0 0) (-3.33067e-15 0 0) (2.498e-15 0 0) (1.94289e-15 0 0) (2.22045e-15 0 0) (2.22045e-15 0 0));
    }
    defaultFaces
    {
        type            empty;
    }
}


// ************************************************************************* //
