/*--------------------------------*- C++ -*----------------------------------*\
| =========                 |                                                 |
| \\      /  F ield         | OpenFOAM: The Open Source CFD Toolbox           |
|  \\    /   O peration     | Version:  2406                                  |
|   \\  /    A nd           | Website:  www.openfoam.com                      |
|    \\/     M anipulation  |                                                 |
\*---------------------------------------------------------------------------*/
FoamFile
{
    version     2.0;
    format      ascii;
    arch        "LSB;label=32;scalar=64";
    class       volVectorField;
    location    "6.5";
    object      flux;
}
// * * * * * * * * * * * * * * * * * * * * * * * * * * * * * * * * * * * * * //

dimensions      [0 1 -1 1 0 0 0];

internalField   nonuniform List<vector> 
100
(
(-3.77487e+08 -3.77487e+08 0)
(-8.80804e+08 -4.1943e+07 0)
(-8.38861e+07 1.67772e+08 0)
(4.1943e+07 3.77487e+08 0)
(-8.38861e+08 1.67772e+08 0)
(-4.61373e+08 -4.1943e+07 0)
(3.77487e+08 -8.38861e+07 0)
(3.35544e+08 -4.1943e+07 0)
(3.35544e+08 0 0)
(2.93601e+08 -4.1943e+07 0)
(0 -8.80804e+08 0)
(-2.93601e+08 -2.09715e+08 0)
(3.35544e+08 7.96918e+08 0)
(0 9.6469e+08 0)
(-1.30023e+09 2.51658e+08 0)
(-6.29146e+08 1.25829e+08 0)
(4.1943e+08 2.93601e+08 0)
(3.35544e+08 0 0)
(3.35544e+08 3.35544e+08 0)
(2.93601e+08 0 0)
(1.25829e+08 -8.38861e+07 0)
(7.54975e+08 4.1943e+07 0)
(1.04858e+09 4.61373e+08 0)
(-3.77487e+08 3.35544e+08 0)
(-1.63578e+09 5.03316e+08 0)
(-5.4526e+08 7.13032e+08 0)
(2.93601e+08 3.77487e+08 0)
(3.77487e+08 -4.1943e+07 0)
(2.09715e+08 4.1943e+08 0)
(4.1943e+07 2.09715e+08 0)
(2.09715e+08 4.1943e+08 0)
(3.35544e+08 4.1943e+08 0)
(5.4526e+08 -2.93601e+08 0)
(0 -5.03316e+08 0)
(-8.80804e+08 -2.51658e+08 0)
(-7.54975e+08 1.25829e+08 0)
(-4.1943e+08 -2.09715e+08 0)
(4.1943e+08 -1.25829e+08 0)
(5.87203e+08 2.09715e+08 0)
(1.25829e+08 -2.51658e+08 0)
(1.67772e+08 0 0)
(-4.1943e+07 -8.38861e+07 0)
(2.51658e+08 -4.61373e+08 0)
(-3.35544e+08 -5.87203e+08 0)
(-1.04858e+09 -7.13032e+08 0)
(-5.87203e+08 -2.09715e+08 0)
(1.25829e+08 -2.93601e+08 0)
(7.54975e+08 1.67772e+08 0)
(8.38861e+07 -4.1943e+07 0)
(-4.61373e+08 -4.1943e+08 0)
(1.67772e+08 1.25829e+08 0)
(-8.38861e+07 2.51658e+08 0)
(0 2.09715e+08 0)
(-3.35544e+08 0 0)
(-4.1943e+08 3.35544e+08 0)
(-3.35544e+08 6.71089e+08 0)
(-4.1943e+07 6.71089e+08 0)
(6.71089e+08 2.09715e+08 0)
(8.38861e+07 -3.35544e+08 0)
(-3.35544e+08 -2.09715e+08 0)
(2.93601e+08 8.80804e+08 0)
(4.1943e+07 1.09052e+09 0)
(-4.1943e+07 1.00663e+09 0)
(-1.25829e+08 6.71089e+08 0)
(-4.1943e+08 8.80804e+08 0)
(-2.09715e+08 7.54975e+08 0)
(-2.93601e+08 8.80804e+08 0)
(-2.51658e+08 7.54975e+08 0)
(-3.35544e+08 0 0)
(-3.35544e+08 -5.4526e+08 0)
(2.51658e+08 9.22747e+08 0)
(8.38861e+07 1.09052e+09 0)
(-4.61373e+08 1.34218e+09 0)
(-4.1943e+08 7.13032e+08 0)
(-2.51658e+08 7.13032e+08 0)
(-2.93601e+08 7.13032e+08 0)
(-8.38861e+07 5.4526e+08 0)
(-2.93601e+08 4.1943e+08 0)
(-1.25829e+09 -2.09715e+08 0)
(-9.22747e+08 -8.80804e+08 0)
(5.03316e+08 7.54975e+08 0)
(4.61373e+08 5.4526e+08 0)
(-3.77487e+08 4.1943e+08 0)
(-8.80804e+08 5.03316e+08 0)
(-5.4526e+08 1.25829e+08 0)
(-3.77487e+08 -1.25829e+08 0)
(-4.61373e+08 -8.38861e+07 0)
(-9.6469e+08 -4.61373e+08 0)
(-1.59384e+09 -1.25829e+09 0)
(-9.22747e+08 -5.87203e+08 0)
(8.38861e+07 5.03316e+08 0)
(-2.51658e+08 8.38861e+07 0)
(-5.03316e+08 -2.09715e+08 0)
(-6.71089e+08 -4.1943e+07 0)
(-8.80804e+08 -4.1943e+07 0)
(-5.4526e+08 -3.77487e+08 0)
(-5.03316e+08 -2.93601e+08 0)
(-1.42606e+09 -3.77487e+08 0)
(-1.34218e+09 -6.29146e+08 0)
(-3.77487e+08 -1.67772e+08 0)
)
;

boundaryField
{
    left
    {
        type            calculated;
        value           nonuniform List<vector> 10((0 -3.77487e+08 0) (0 -8.80804e+08 0) (0 -8.38861e+07 0) (0 4.1943e+08 0) (0 0 0) (0 1.25829e+08 0) (0 8.80804e+08 0) (0 9.22747e+08 0) (0 7.54975e+08 0) (0 5.03316e+08 0));
    }
    right
    {
        type            calculated;
        value           nonuniform List<vector> 10((0 -4.1943e+07 0) (0 0 0) (0 2.09715e+08 0) (0 -2.51658e+08 0) (0 -4.1943e+08 0) (0 -2.09715e+08 0) (0 -5.4526e+08 0) (0 -8.80804e+08 0) (0 -5.87203e+08 0) (0 -1.67772e+08 0));
    }
    top
    {
        type            calculated;
        value           nonuniform List<vector> 10((8.38861e+07 0 0) (-2.51658e+08 0 0) (-5.03316e+08 0 0) (-6.71089e+08 0 0) (-8.80804e+08 0 0) (-5.4526e+08 0 0) (-5.03316e+08 0 0) (-1.42606e+09 0 0) (-1.34218e+09 0 0) (-3.77487e+08 0 0));
    }
    bottom
    {
        type            calculated;
        value           nonuniform List<vector> 10((-3.77487e+08 0 0) (-8.80804e+08 0 0) (-8.38861e+07 0 0) (4.1943e+07 0 0) (-8.38861e+08 0 0) (-4.61373e+08 0 0) (3.77487e+08 0 0) (3.35544e+08 0 0) (3.35544e+08 0 0) (2.93601e+08 0 0));
    }
    defaultFaces
    {
        type            empty;
    }
}


// ************************************************************************* //
