/*--------------------------------*- C++ -*----------------------------------*\
| =========                 |                                                 |
| \\      /  F ield         | OpenFOAM: The Open Source CFD Toolbox           |
|  \\    /   O peration     | Version:  2406                                  |
|   \\  /    A nd           | Website:  www.openfoam.com                      |
|    \\/     M anipulation  |                                                 |
\*---------------------------------------------------------------------------*/
FoamFile
{
    version     2.0;
    format      ascii;
    arch        "LSB;label=32;scalar=64";
    class       volVectorField;
    location    "6.4";
    object      flux;
}
// * * * * * * * * * * * * * * * * * * * * * * * * * * * * * * * * * * * * * //

dimensions      [0 1 -1 1 0 0 0];

internalField   nonuniform List<vector> 
100
(
(-1.67772e+08 -1.46801e+08 0)
(-2.93601e+08 0 0)
(2.09715e+07 8.38861e+07 0)
(6.29146e+07 1.04858e+08 0)
(-4.40402e+08 8.38861e+07 0)
(-2.30687e+08 2.09715e+07 0)
(1.67772e+08 6.29146e+07 0)
(1.88744e+08 6.29146e+07 0)
(2.09715e+08 2.09715e+07 0)
(1.46801e+08 -2.09715e+07 0)
(0 -3.14573e+08 0)
(-8.38861e+07 -6.29146e+07 0)
(1.67772e+08 2.7263e+08 0)
(2.09715e+07 2.51658e+08 0)
(-5.4526e+08 8.38861e+07 0)
(-2.7263e+08 1.67772e+08 0)
(2.7263e+08 1.46801e+08 0)
(1.46801e+08 1.46801e+08 0)
(1.04858e+08 1.67772e+08 0)
(1.25829e+08 2.09715e+07 0)
(1.04858e+08 -6.29146e+07 0)
(2.93601e+08 2.09715e+07 0)
(2.93601e+08 1.46801e+08 0)
(-1.25829e+08 6.29146e+07 0)
(-4.82345e+08 1.25829e+08 0)
(-1.88744e+08 2.93601e+08 0)
(1.04858e+08 1.67772e+08 0)
(1.88744e+08 -6.29146e+07 0)
(8.38861e+07 1.46801e+08 0)
(2.09715e+07 6.29146e+07 0)
(8.38861e+07 1.67772e+08 0)
(1.25829e+08 1.25829e+08 0)
(1.67772e+08 -1.25829e+08 0)
(2.09715e+07 -1.46801e+08 0)
(-2.7263e+08 -4.1943e+07 0)
(-2.7263e+08 1.04858e+08 0)
(-4.1943e+07 -2.09715e+07 0)
(1.25829e+08 -2.09715e+07 0)
(2.09715e+08 0 0)
(6.29146e+07 -1.46801e+08 0)
(2.09715e+07 0 0)
(0 -4.1943e+07 0)
(1.46801e+08 -1.25829e+08 0)
(-1.46801e+08 -1.67772e+08 0)
(-2.7263e+08 -2.51658e+08 0)
(-1.46801e+08 -4.1943e+07 0)
(2.09715e+07 -1.04858e+08 0)
(2.09715e+08 0 0)
(-2.09715e+07 4.1943e+07 0)
(-1.46801e+08 -2.09715e+08 0)
(8.38861e+07 8.38861e+07 0)
(-4.1943e+07 1.04858e+08 0)
(0 0 0)
(-6.29146e+07 -4.1943e+07 0)
(-1.04858e+08 1.46801e+08 0)
(-1.25829e+08 2.09715e+08 0)
(-8.38861e+07 1.04858e+08 0)
(2.93601e+08 2.09715e+07 0)
(-2.09715e+07 -8.38861e+07 0)
(-1.88744e+08 -1.04858e+08 0)
(6.29146e+07 3.77487e+08 0)
(-6.29146e+07 3.77487e+08 0)
(-2.09715e+07 4.1943e+08 0)
(0 2.09715e+08 0)
(-6.29146e+07 2.7263e+08 0)
(-1.25829e+08 2.09715e+08 0)
(-1.04858e+08 2.51658e+08 0)
(0 2.09715e+08 0)
(-1.46801e+08 -4.1943e+07 0)
(-1.46801e+08 -1.25829e+08 0)
(6.29146e+07 3.77487e+08 0)
(0 4.61373e+08 0)
(-1.88744e+08 4.61373e+08 0)
(-1.88744e+08 2.7263e+08 0)
(-8.38861e+07 1.67772e+08 0)
(-1.67772e+08 1.67772e+08 0)
(-4.1943e+07 2.30687e+08 0)
(-4.1943e+07 1.46801e+08 0)
(-3.98459e+08 -1.04858e+08 0)
(-3.14573e+08 -3.35544e+08 0)
(1.46801e+08 2.09715e+08 0)
(6.29146e+07 1.88744e+08 0)
(-2.09715e+08 1.46801e+08 0)
(-2.7263e+08 2.09715e+08 0)
(-1.88744e+08 1.67772e+08 0)
(-1.04858e+08 -2.09715e+07 0)
(-1.46801e+08 1.04858e+08 0)
(-2.93601e+08 -1.46801e+08 0)
(-5.66231e+08 -3.98459e+08 0)
(-3.77487e+08 -2.09715e+08 0)
(6.29146e+07 1.04858e+08 0)
(-8.38861e+07 2.09715e+07 0)
(-1.67772e+08 -4.1943e+07 0)
(-1.67772e+08 8.38861e+07 0)
(-3.14573e+08 8.38861e+07 0)
(-2.30687e+08 -8.38861e+07 0)
(-2.30687e+08 -6.29146e+07 0)
(-5.03316e+08 -1.46801e+08 0)
(-4.61373e+08 -2.30687e+08 0)
(-1.25829e+08 -2.09715e+07 0)
)
;

boundaryField
{
    left
    {
        type            calculated;
        value           nonuniform List<vector> 10((0 -1.46801e+08 0) (0 -3.14573e+08 0) (0 -6.29146e+07 0) (0 1.67772e+08 0) (0 0 0) (0 8.38861e+07 0) (0 3.77487e+08 0) (0 3.77487e+08 0) (0 2.09715e+08 0) (0 1.04858e+08 0));
    }
    right
    {
        type            calculated;
        value           nonuniform List<vector> 10((0 -2.09715e+07 0) (0 2.09715e+07 0) (0 6.29146e+07 0) (0 -1.46801e+08 0) (0 -2.09715e+08 0) (0 -1.04858e+08 0) (0 -1.25829e+08 0) (0 -3.35544e+08 0) (0 -2.09715e+08 0) (0 -2.09715e+07 0));
    }
    top
    {
        type            calculated;
        value           nonuniform List<vector> 10((6.29146e+07 0 0) (-8.38861e+07 0 0) (-1.67772e+08 0 0) (-1.67772e+08 0 0) (-3.14573e+08 0 0) (-2.30687e+08 0 0) (-2.30687e+08 0 0) (-5.03316e+08 0 0) (-4.61373e+08 0 0) (-1.25829e+08 0 0));
    }
    bottom
    {
        type            calculated;
        value           nonuniform List<vector> 10((-1.67772e+08 0 0) (-2.93601e+08 0 0) (2.09715e+07 0 0) (6.29146e+07 0 0) (-4.40402e+08 0 0) (-2.30687e+08 0 0) (1.67772e+08 0 0) (1.88744e+08 0 0) (2.09715e+08 0 0) (1.46801e+08 0 0));
    }
    defaultFaces
    {
        type            empty;
    }
}


// ************************************************************************* //
