/*--------------------------------*- C++ -*----------------------------------*\
| =========                 |                                                 |
| \\      /  F ield         | OpenFOAM: The Open Source CFD Toolbox           |
|  \\    /   O peration     | Version:  2406                                  |
|   \\  /    A nd           | Website:  www.openfoam.com                      |
|    \\/     M anipulation  |                                                 |
\*---------------------------------------------------------------------------*/
FoamFile
{
    version     2.0;
    format      ascii;
    arch        "LSB;label=32;scalar=64";
    class       volVectorField;
    location    "0.75";
    object      flux;
}
// * * * * * * * * * * * * * * * * * * * * * * * * * * * * * * * * * * * * * //

dimensions      [0 1 -1 1 0 0 0];

internalField   nonuniform List<vector> 
100
(
(-1.0842e-17 -9.75782e-18 0)
(-2.60209e-17 -4.33681e-18 0)
(-1.0842e-18 9.75782e-18 0)
(1.19262e-17 1.0842e-17 0)
(-1.6263e-17 2.1684e-18 0)
(-9.75782e-18 0 0)
(4.33681e-18 1.0842e-18 0)
(0 4.33681e-18 0)
(7.58942e-18 2.1684e-18 0)
(1.19262e-17 -4.33681e-18 0)
(-6.50521e-18 -2.71051e-17 0)
(-6.50521e-18 -6.50521e-18 0)
(1.40946e-17 2.05998e-17 0)
(5.42101e-18 1.73472e-17 0)
(-2.81893e-17 2.1684e-18 0)
(-1.19262e-17 0 0)
(1.0842e-17 6.50521e-18 0)
(-1.0842e-18 5.42101e-18 0)
(1.0842e-18 5.42101e-18 0)
(5.42101e-18 -4.33681e-18 0)
(9.75782e-18 -5.42101e-18 0)
(2.05998e-17 1.0842e-18 0)
(2.1684e-17 7.58942e-18 0)
(-6.50521e-18 0 0)
(-3.14419e-17 2.1684e-18 0)
(-7.58942e-18 8.67362e-18 0)
(1.0842e-17 -1.0842e-18 0)
(-1.0842e-18 -5.42101e-18 0)
(-2.1684e-18 7.58942e-18 0)
(1.0842e-18 6.50521e-18 0)
(3.25261e-18 1.51788e-17 0)
(8.67362e-18 5.42101e-18 0)
(1.0842e-17 -9.75782e-18 0)
(-1.0842e-18 -1.40946e-17 0)
(-1.84314e-17 -8.67362e-18 0)
(-1.51788e-17 1.0842e-18 0)
(-4.33681e-18 -9.75782e-18 0)
(8.67362e-18 -8.67362e-18 0)
(1.40946e-17 4.33681e-18 0)
(5.42101e-18 -5.42101e-18 0)
(-1.0842e-18 -7.58942e-18 0)
(-4.33681e-18 -5.42101e-18 0)
(4.33681e-18 -1.73472e-17 0)
(-6.50521e-18 -1.84314e-17 0)
(-1.6263e-17 -1.73472e-17 0)
(-6.50521e-18 0 0)
(1.0842e-18 -8.67362e-18 0)
(1.30104e-17 0 0)
(0 3.25261e-18 0)
(-9.75782e-18 -1.19262e-17 0)
(4.33681e-18 -3.25261e-18 0)
(-3.25261e-18 -2.1684e-18 0)
(-1.0842e-18 -5.42101e-18 0)
(-2.1684e-18 -5.42101e-18 0)
(-1.0842e-18 6.50521e-18 0)
(-6.50521e-18 1.30104e-17 0)
(-5.42101e-18 8.67362e-18 0)
(2.05998e-17 3.25261e-18 0)
(2.1684e-18 0 0)
(-1.0842e-17 -3.25261e-18 0)
(1.0842e-18 1.19262e-17 0)
(-4.33681e-18 1.19262e-17 0)
(0 1.51788e-17 0)
(6.50521e-18 4.33681e-18 0)
(2.1684e-18 1.30104e-17 0)
(-5.42101e-18 1.19262e-17 0)
(-5.42101e-18 1.95156e-17 0)
(3.25261e-18 1.19262e-17 0)
(-6.50521e-18 1.0842e-18 0)
(-1.30104e-17 -4.33681e-18 0)
(2.1684e-18 1.6263e-17 0)
(-1.0842e-18 1.95156e-17 0)
(-8.67362e-18 2.27682e-17 0)
(-4.33681e-18 8.67362e-18 0)
(7.58942e-18 6.50521e-18 0)
(0 9.75782e-18 0)
(-7.58942e-18 1.19262e-17 0)
(2.1684e-18 8.67362e-18 0)
(-1.40946e-17 -6.50521e-18 0)
(-1.51788e-17 -1.0842e-17 0)
(5.42101e-18 1.40946e-17 0)
(0 1.0842e-17 0)
(-1.0842e-17 6.50521e-18 0)
(-8.67362e-18 6.50521e-18 0)
(3.25261e-18 3.25261e-18 0)
(0 -9.75782e-18 0)
(-7.58942e-18 0 0)
(-1.30104e-17 -7.58942e-18 0)
(-2.71051e-17 -2.38524e-17 0)
(-1.51788e-17 -1.0842e-17 0)
(1.0842e-18 5.42101e-18 0)
(-8.67362e-18 2.1684e-18 0)
(-1.0842e-17 -2.1684e-18 0)
(-9.75782e-18 1.0842e-18 0)
(-9.75782e-18 -3.25261e-18 0)
(-3.25261e-18 -1.19262e-17 0)
(-1.0842e-18 -3.25261e-18 0)
(-2.49366e-17 -6.50521e-18 0)
(-1.95156e-17 -1.40946e-17 0)
(-4.33681e-18 -3.25261e-18 0)
)
;

boundaryField
{
    left
    {
        type            calculated;
        value           nonuniform List<vector> 10((0 -9.75782e-18 0) (0 -2.71051e-17 0) (0 -5.42101e-18 0) (0 1.51788e-17 0) (0 -7.58942e-18 0) (0 -3.25261e-18 0) (0 1.19262e-17 0) (0 1.6263e-17 0) (0 1.40946e-17 0) (0 5.42101e-18 0));
    }
    right
    {
        type            calculated;
        value           nonuniform List<vector> 10((0 -4.33681e-18 0) (0 -4.33681e-18 0) (0 6.50521e-18 0) (0 -5.42101e-18 0) (0 -1.19262e-17 0) (0 -3.25261e-18 0) (0 -4.33681e-18 0) (0 -1.0842e-17 0) (0 -1.0842e-17 0) (0 -3.25261e-18 0));
    }
    top
    {
        type            calculated;
        value           nonuniform List<vector> 10((1.0842e-18 0 0) (-8.67362e-18 0 0) (-1.0842e-17 0 0) (-9.75782e-18 0 0) (-9.75782e-18 0 0) (-3.25261e-18 0 0) (-1.0842e-18 0 0) (-2.49366e-17 0 0) (-1.95156e-17 0 0) (-4.33681e-18 0 0));
    }
    bottom
    {
        type            calculated;
        value           nonuniform List<vector> 10((-1.0842e-17 0 0) (-2.60209e-17 0 0) (-1.0842e-18 0 0) (1.19262e-17 0 0) (-1.6263e-17 0 0) (-9.75782e-18 0 0) (4.33681e-18 0 0) (0 0 0) (7.58942e-18 0 0) (1.19262e-17 0 0));
    }
    defaultFaces
    {
        type            empty;
    }
}


// ************************************************************************* //
