/*--------------------------------*- C++ -*----------------------------------*\
| =========                 |                                                 |
| \\      /  F ield         | OpenFOAM: The Open Source CFD Toolbox           |
|  \\    /   O peration     | Version:  2406                                  |
|   \\  /    A nd           | Website:  www.openfoam.com                      |
|    \\/     M anipulation  |                                                 |
\*---------------------------------------------------------------------------*/
FoamFile
{
    version     2.0;
    format      ascii;
    arch        "LSB;label=32;scalar=64";
    class       volVectorField;
    location    "5.3";
    object      flux;
}
// * * * * * * * * * * * * * * * * * * * * * * * * * * * * * * * * * * * * * //

dimensions      [0 1 -1 1 0 0 0];

internalField   nonuniform List<vector> 
100
(
(-1920 -1280 0)
(-3520 -320 0)
(0 960 0)
(960 2240 0)
(-3840 640 0)
(-4160 -320 0)
(640 640 0)
(960 0 0)
(2240 -320 0)
(1920 0 0)
(-960 -3520 0)
(-1280 0 0)
(2560 3200 0)
(640 3200 0)
(-6400 320 0)
(-3840 320 0)
(640 2240 0)
(640 1280 0)
(1920 1920 0)
(1920 0 0)
(1920 -320 0)
(3200 640 0)
(3200 2560 0)
(-1920 640 0)
(-7040 320 0)
(-2240 3200 0)
(1280 1600 0)
(1280 320 0)
(640 3200 0)
(0 1600 0)
(320 2880 0)
(1600 640 0)
(2240 -1280 0)
(-1600 -2240 0)
(-3200 -960 0)
(-2880 1280 0)
(-2560 -320 0)
(2240 -960 0)
(2880 960 0)
(320 -960 0)
(-640 -640 0)
(-960 -640 0)
(640 -2880 0)
(-2240 -2880 0)
(-3520 -2560 0)
(-1600 -960 0)
(-640 -1280 0)
(2560 640 0)
(640 0 0)
(-1280 -2240 0)
(320 0 0)
(-960 640 0)
(-320 0 0)
(-640 0 0)
(-1600 1920 0)
(-1600 2240 0)
(-1280 2240 0)
(3520 960 0)
(0 -960 0)
(-2240 -1600 0)
(0 3840 0)
(-320 4800 0)
(0 4800 0)
(0 2560 0)
(-1920 3520 0)
(-960 2560 0)
(-1600 3520 0)
(-640 2240 0)
(-1920 -320 0)
(-2240 -2240 0)
(1280 4480 0)
(0 5760 0)
(-2880 5760 0)
(-2240 2880 0)
(-1280 2880 0)
(-1280 2240 0)
(-1280 1920 0)
(-1280 1920 0)
(-4480 -1920 0)
(-3840 -2880 0)
(1600 2880 0)
(640 2240 0)
(-2880 1600 0)
(-2880 2240 0)
(-2240 1600 0)
(-2240 -320 0)
(-1920 320 0)
(-4160 -1280 0)
(-6400 -5120 0)
(-3200 -1600 0)
(640 1280 0)
(-1280 320 0)
(-2240 -320 0)
(-2560 960 0)
(-3840 -640 0)
(-2880 -960 0)
(-2240 -320 0)
(-7040 -1600 0)
(-4480 -3200 0)
(-640 -320 0)
)
;

boundaryField
{
    left
    {
        type            calculated;
        value           nonuniform List<vector> 10((0 -1280 0) (0 -3520 0) (0 -320 0) (0 2880 0) (0 -640 0) (0 0 0) (0 3840 0) (0 4480 0) (0 2880 0) (0 1280 0));
    }
    right
    {
        type            calculated;
        value           nonuniform List<vector> 10((0 0 0) (0 0 0) (0 1600 0) (0 -960 0) (0 -2240 0) (0 -1600 0) (0 -2240 0) (0 -2880 0) (0 -1600 0) (0 -320 0));
    }
    top
    {
        type            calculated;
        value           nonuniform List<vector> 10((640 0 0) (-1280 0 0) (-2240 0 0) (-2560 0 0) (-3840 0 0) (-2880 0 0) (-2240 0 0) (-7040 0 0) (-4480 0 0) (-640 0 0));
    }
    bottom
    {
        type            calculated;
        value           nonuniform List<vector> 10((-1920 0 0) (-3520 0 0) (0 0 0) (960 0 0) (-3840 0 0) (-4160 0 0) (640 0 0) (960 0 0) (2240 0 0) (1920 0 0));
    }
    defaultFaces
    {
        type            empty;
    }
}


// ************************************************************************* //
