/*--------------------------------*- C++ -*----------------------------------*\
| =========                 |                                                 |
| \\      /  F ield         | OpenFOAM: The Open Source CFD Toolbox           |
|  \\    /   O peration     | Version:  2406                                  |
|   \\  /    A nd           | Website:  www.openfoam.com                      |
|    \\/     M anipulation  |                                                 |
\*---------------------------------------------------------------------------*/
FoamFile
{
    version     2.0;
    format      ascii;
    arch        "LSB;label=32;scalar=64";
    class       volVectorField;
    location    "9.8";
    object      flux;
}
// * * * * * * * * * * * * * * * * * * * * * * * * * * * * * * * * * * * * * //

dimensions      [0 1 -1 1 0 0 0];

internalField   nonuniform List<vector> 
100
(
(-2.36118e+23 -2.12506e+23 0)
(-5.66684e+23 -9.44473e+22 0)
(-1.41671e+23 1.65283e+23 0)
(7.08355e+22 2.12506e+23 0)
(-5.43072e+23 4.72237e+22 0)
(-4.48625e+23 0 0)
(2.36118e+22 7.08355e+22 0)
(7.08355e+22 2.36118e+22 0)
(1.41671e+23 2.36118e+22 0)
(2.12506e+23 0 0)
(-9.44473e+22 -5.1946e+23 0)
(-1.65283e+23 -4.72237e+22 0)
(1.65283e+23 5.1946e+23 0)
(-7.08355e+22 3.77789e+23 0)
(-7.55579e+23 1.41671e+23 0)
(-4.72237e+23 4.72237e+22 0)
(7.08355e+22 2.36118e+23 0)
(0 1.18059e+23 0)
(1.18059e+23 2.83342e+23 0)
(2.12506e+23 9.44473e+22 0)
(2.12506e+23 -2.36118e+22 0)
(4.25013e+23 1.18059e+23 0)
(3.30566e+23 2.12506e+23 0)
(-3.30566e+23 2.12506e+23 0)
(-8.50026e+23 1.18059e+23 0)
(-3.30566e+23 3.54177e+23 0)
(9.44473e+22 2.12506e+23 0)
(9.44473e+22 7.08355e+22 0)
(7.08355e+22 2.5973e+23 0)
(4.72237e+22 2.12506e+23 0)
(7.08355e+22 4.01401e+23 0)
(7.08355e+22 1.41671e+23 0)
(2.5973e+23 -1.41671e+23 0)
(-1.65283e+23 -1.65283e+23 0)
(-5.90296e+23 -7.08355e+22 0)
(-4.25013e+23 1.65283e+23 0)
(-1.88895e+23 0 0)
(9.44473e+22 2.36118e+22 0)
(2.36118e+23 1.88895e+23 0)
(1.65283e+23 -2.36118e+22 0)
(-2.36118e+22 -7.08355e+22 0)
(-9.44473e+22 -9.44473e+22 0)
(2.36118e+22 -2.12506e+23 0)
(-2.5973e+23 -3.06954e+23 0)
(-5.1946e+23 -2.12506e+23 0)
(-2.36118e+23 -2.36118e+22 0)
(-4.72237e+22 -1.18059e+23 0)
(2.12506e+23 9.44473e+22 0)
(4.72237e+22 1.41671e+23 0)
(-1.65283e+23 -1.88895e+23 0)
(2.36118e+22 -2.36118e+22 0)
(-1.18059e+23 4.72237e+22 0)
(4.72237e+22 2.36118e+22 0)
(-1.41671e+23 4.72237e+22 0)
(-3.30566e+23 2.83342e+23 0)
(-3.30566e+23 3.30566e+23 0)
(-1.18059e+23 2.36118e+23 0)
(4.01401e+23 9.44473e+22 0)
(0 -7.08355e+22 0)
(-2.12506e+23 -1.41671e+23 0)
(7.08355e+22 3.30566e+23 0)
(0 4.01401e+23 0)
(0 5.1946e+23 0)
(-4.72237e+22 2.12506e+23 0)
(-2.36118e+23 4.25013e+23 0)
(-2.5973e+23 4.48625e+23 0)
(-2.5973e+23 4.95848e+23 0)
(-4.72237e+22 3.06954e+23 0)
(-2.12506e+23 2.36118e+22 0)
(-2.36118e+23 -2.83342e+23 0)
(9.44473e+22 3.54177e+23 0)
(7.08355e+22 5.1946e+23 0)
(-1.65283e+23 5.66684e+23 0)
(-2.5973e+23 3.30566e+23 0)
(-7.08355e+22 2.5973e+23 0)
(-2.5973e+23 3.30566e+23 0)
(-2.83342e+23 2.5973e+23 0)
(-9.44473e+22 1.41671e+23 0)
(-5.90296e+23 -1.18059e+23 0)
(-4.95848e+23 -3.06954e+23 0)
(2.36118e+23 3.06954e+23 0)
(1.65283e+23 2.36118e+23 0)
(-1.41671e+23 9.44473e+22 0)
(-3.30566e+23 2.5973e+23 0)
(-2.36118e+23 1.18059e+23 0)
(-3.06954e+23 -4.72237e+22 0)
(-4.01401e+23 9.44473e+22 0)
(-4.48625e+23 -1.18059e+23 0)
(-6.61131e+23 -5.1946e+23 0)
(-4.01401e+23 -1.18059e+23 0)
(7.08355e+22 1.88895e+23 0)
(-1.65283e+23 4.72237e+22 0)
(-1.41671e+23 -1.41671e+23 0)
(-2.12506e+23 4.72237e+22 0)
(-4.01401e+23 -2.36118e+22 0)
(-2.36118e+23 -1.18059e+23 0)
(-4.01401e+23 2.36118e+22 0)
(-7.55579e+23 -1.18059e+23 0)
(-5.43072e+23 -2.5973e+23 0)
(-1.41671e+23 -2.36118e+22 0)
)
;

boundaryField
{
    left
    {
        type            calculated;
        value           nonuniform List<vector> 10((0 -2.12506e+23 0) (0 -5.1946e+23 0) (0 -2.36118e+22 0) (0 4.01401e+23 0) (0 -7.08355e+22 0) (0 -2.36118e+22 0) (0 3.30566e+23 0) (0 3.54177e+23 0) (0 3.06954e+23 0) (0 1.88895e+23 0));
    }
    right
    {
        type            calculated;
        value           nonuniform List<vector> 10((0 0 0) (0 9.44473e+22 0) (0 2.12506e+23 0) (0 -2.36118e+22 0) (0 -1.88895e+23 0) (0 -1.41671e+23 0) (0 -2.83342e+23 0) (0 -3.06954e+23 0) (0 -1.18059e+23 0) (0 -2.36118e+22 0));
    }
    top
    {
        type            calculated;
        value           nonuniform List<vector> 10((7.08355e+22 0 0) (-1.65283e+23 0 0) (-1.41671e+23 0 0) (-2.12506e+23 0 0) (-4.01401e+23 0 0) (-2.36118e+23 0 0) (-4.01401e+23 0 0) (-7.55579e+23 0 0) (-5.43072e+23 0 0) (-1.41671e+23 0 0));
    }
    bottom
    {
        type            calculated;
        value           nonuniform List<vector> 10((-2.36118e+23 0 0) (-5.66684e+23 0 0) (-1.41671e+23 0 0) (7.08355e+22 0 0) (-5.43072e+23 0 0) (-4.48625e+23 0 0) (2.36118e+22 0 0) (7.08355e+22 0 0) (1.41671e+23 0 0) (2.12506e+23 0 0));
    }
    defaultFaces
    {
        type            empty;
    }
}


// ************************************************************************* //
